original_id,original_deviceid,original_servertime,original_latitude,original_longitude,original_speed,distance,formatted,lat,lon,housenumber,street,postcode,district,suburb,city,county,state,country,country_code,attribution,attribution_license,attribution_url
52786754,271,2019-12-10 11:56:54,27.69175,85.32711166666667,0.0,21.83906305991162,"Kathmandu, Kathmandu 44617, Nepal",27.6916865,85.3267644,,,44617,Kathmandu-11,,Kathmandu,Kathmandu,Bagmati Province,Nepal,np,© OpenStreetMap contributors,Open Database License,https://www.openstreetmap.org/copyright
52787241,271,2019-12-10 11:57:24,27.691728333333334,85.32710166666666,0.0,19.245633408924657,"Kathmandu, Kathmandu 44617, Nepal",27.6916865,85.3267644,,,44617,Kathmandu-11,,Kathmandu,Kathmandu,Bagmati Province,Nepal,np,© OpenStreetMap contributors,Open Database License,https://www.openstreetmap.org/copyright
52787726,271,2019-12-10 11:57:54,27.691711666666667,85.32709166666666,0.01,17.147348133174404,"Kathmandu, Kathmandu 44617, Nepal",27.6916865,85.3267644,,,44617,Kathmandu-11,,Kathmandu,Kathmandu,Bagmati Province,Nepal,np,© OpenStreetMap contributors,Open Database License,https://www.openstreetmap.org/copyright
52788208,271,2019-12-10 11:58:23,27.69170666666667,85.32707666666667,0.06,15.98049810434835,"Kathmandu, Kathmandu 44617, Nepal",27.6916865,85.3267644,,,44617,Kathmandu-11,,Kathmandu,Kathmandu,Bagmati Province,Nepal,np,© OpenStreetMap contributors,Open Database License,https://www.openstreetmap.org/copyright
52788698,271,2019-12-10 11:58:53,27.69174333333333,85.32711,0.1,21.104236521198146,"Kathmandu, Kathmandu 44617, Nepal",27.6916865,85.3267644,,,44617,Kathmandu-11,,Kathmandu,Kathmandu,Bagmati Province,Nepal,np,© OpenStreetMap contributors,Open Database License,https://www.openstreetmap.org/copyright
52789184,271,2019-12-10 11:59:23,27.691761666666668,85.327135,0.02,24.039275361835326,"Kathmandu, Kathmandu 44617, Nepal",27.6916865,85.3267644,,,44617,Kathmandu-11,,Kathmandu,Kathmandu,Bagmati Province,Nepal,np,© OpenStreetMap contributors,Open Database License,https://www.openstreetmap.org/copyright
52789668,271,2019-12-10 11:59:53,27.69173,85.327125,0.13,20.455556863479057,"Kathmandu, Kathmandu 44617, Nepal",27.6916865,85.3267644,,,44617,Kathmandu-11,,Kathmandu,Kathmandu,Bagmati Province,Nepal,np,© OpenStreetMap contributors,Open Database License,https://www.openstreetmap.org/copyright
52790186,271,2019-12-10 12:00:22,27.691693333333333,85.32708666666667,0.01,15.107916473655145,"Kathmandu, Kathmandu 44617, Nepal",27.6916865,85.3267644,,,44617,Kathmandu-11,,Kathmandu,Kathmandu,Bagmati Province,Nepal,np,© OpenStreetMap contributors,Open Database License,https://www.openstreetmap.org/copyright
52790668,271,2019-12-10 12:00:52,27.691685,85.327055,0.01,12.864630590136247,"Kathmandu, Kathmandu 44617, Nepal",27.6916865,85.3267644,,,44617,Kathmandu-11,,Kathmandu,Kathmandu,Bagmati Province,Nepal,np,© OpenStreetMap contributors,Open Database License,https://www.openstreetmap.org/copyright
52791165,271,2019-12-10 12:01:22,27.691656666666667,85.32702,0.11,8.491498655449275,"Kathmandu, Kathmandu 44617, Nepal",27.6916865,85.3267644,,,44617,Kathmandu-11,,Kathmandu,Kathmandu,Bagmati Province,Nepal,np,© OpenStreetMap contributors,Open Database License,https://www.openstreetmap.org/copyright
52791672,271,2019-12-10 12:01:52,27.691681666666668,85.32701333333333,0.04,10.6686855586569,"Kathmandu, Kathmandu 44617, Nepal",27.6916865,85.3267644,,,44617,Kathmandu-11,,Kathmandu,Kathmandu,Bagmati Province,Nepal,np,© OpenStreetMap contributors,Open Database License,https://www.openstreetmap.org/copyright
52792173,271,2019-12-10 12:02:22,27.691665,85.327005,0.03,8.645034046239068,"Kathmandu, Kathmandu 44617, Nepal",27.6916865,85.3267644,,,44617,Kathmandu-11,,Kathmandu,Kathmandu,Bagmati Province,Nepal,np,© OpenStreetMap contributors,Open Database License,https://www.openstreetmap.org/copyright
52792658,271,2019-12-10 12:02:51,27.69171,85.32705333333334,0.11,15.265719156280772,"Kathmandu, Kathmandu 44617, Nepal",27.6916865,85.3267644,,,44617,Kathmandu-11,,Kathmandu,Kathmandu,Bagmati Province,Nepal,np,© OpenStreetMap contributors,Open Database License,https://www.openstreetmap.org/copyright
52793135,271,2019-12-10 12:03:21,27.691713333333333,85.32706166666667,0.02,15.968985219224397,"Kathmandu, Kathmandu 44617, Nepal",27.6916865,85.3267644,,,44617,Kathmandu-11,,Kathmandu,Kathmandu,Bagmati Province,Nepal,np,© OpenStreetMap contributors,Open Database License,https://www.openstreetmap.org/copyright
52793633,271,2019-12-10 12:03:51,27.69170833333333,85.32705166666666,0.03,15.026037045180855,"Kathmandu, Kathmandu 44617, Nepal",27.6916865,85.3267644,,,44617,Kathmandu-11,,Kathmandu,Kathmandu,Bagmati Province,Nepal,np,© OpenStreetMap contributors,Open Database License,https://www.openstreetmap.org/copyright
52794183,271,2019-12-10 12:04:21,27.69173,85.327075,0.04,18.216538383312905,"Kathmandu, Kathmandu 44617, Nepal",27.6916865,85.3267644,,,44617,Kathmandu-11,,Kathmandu,Kathmandu,Bagmati Province,Nepal,np,© OpenStreetMap contributors,Open Database License,https://www.openstreetmap.org/copyright
52794678,271,2019-12-10 12:04:51,27.691735,85.32707,0.02,18.487781002174607,"Kathmandu, Kathmandu 44617, Nepal",27.6916865,85.3267644,,,44617,Kathmandu-11,,Kathmandu,Kathmandu,Bagmati Province,Nepal,np,© OpenStreetMap contributors,Open Database License,https://www.openstreetmap.org/copyright
52795172,271,2019-12-10 12:05:20,27.691725,85.32705,0.02,16.601884702892896,"Kathmandu, Kathmandu 44617, Nepal",27.6916865,85.3267644,,,44617,Kathmandu-11,,Kathmandu,Kathmandu,Bagmati Province,Nepal,np,© OpenStreetMap contributors,Open Database License,https://www.openstreetmap.org/copyright
52795694,271,2019-12-10 12:05:50,27.691721666666663,85.32706333333333,0.01,16.868859965325683,"Kathmandu, Kathmandu 44617, Nepal",27.6916865,85.3267644,,,44617,Kathmandu-11,,Kathmandu,Kathmandu,Bagmati Province,Nepal,np,© OpenStreetMap contributors,Open Database License,https://www.openstreetmap.org/copyright
52796207,271,2019-12-10 12:06:20,27.69171833333333,85.32706333333333,0.02,16.538763647638326,"Kathmandu, Kathmandu 44617, Nepal",27.6916865,85.3267644,,,44617,Kathmandu-11,,Kathmandu,Kathmandu,Bagmati Province,Nepal,np,© OpenStreetMap contributors,Open Database License,https://www.openstreetmap.org/copyright
52796709,271,2019-12-10 12:06:50,27.69172333333333,85.32705166666666,0.02,16.51147049162618,"Kathmandu, Kathmandu 44617, Nepal",27.6916865,85.3267644,,,44617,Kathmandu-11,,Kathmandu,Kathmandu,Bagmati Province,Nepal,np,© OpenStreetMap contributors,Open Database License,https://www.openstreetmap.org/copyright
52797218,271,2019-12-10 12:07:19,27.69174,85.32705166666666,0.04,18.16195203982264,"Kathmandu, Kathmandu 44617, Nepal",27.6916865,85.3267644,,,44617,Kathmandu-11,,Kathmandu,Kathmandu,Bagmati Province,Nepal,np,© OpenStreetMap contributors,Open Database License,https://www.openstreetmap.org/copyright
52797742,271,2019-12-10 12:07:49,27.691741666666665,85.327045,0.03,18.02846440596907,"Kathmandu, Kathmandu 44617, Nepal",27.6916865,85.3267644,,,44617,Kathmandu-11,,Kathmandu,Kathmandu,Bagmati Province,Nepal,np,© OpenStreetMap contributors,Open Database License,https://www.openstreetmap.org/copyright
52798250,271,2019-12-10 12:08:19,27.691736666666667,85.327055,0.02,17.98112362911094,"Kathmandu, Kathmandu 44617, Nepal",27.6916865,85.3267644,,,44617,Kathmandu-11,,Kathmandu,Kathmandu,Bagmati Province,Nepal,np,© OpenStreetMap contributors,Open Database License,https://www.openstreetmap.org/copyright
52798766,271,2019-12-10 12:08:50,27.691728333333334,85.32705166666666,0.05,17.006614963073197,"Kathmandu, Kathmandu 44617, Nepal",27.6916865,85.3267644,,,44617,Kathmandu-11,,Kathmandu,Kathmandu,Bagmati Province,Nepal,np,© OpenStreetMap contributors,Open Database License,https://www.openstreetmap.org/copyright
52799270,271,2019-12-10 12:09:19,27.691693333333333,85.32704,0.02,13.018165913482566,"Kathmandu, Kathmandu 44617, Nepal",27.6916865,85.3267644,,,44617,Kathmandu-11,,Kathmandu,Kathmandu,Bagmati Province,Nepal,np,© OpenStreetMap contributors,Open Database License,https://www.openstreetmap.org/copyright
52799787,271,2019-12-10 12:09:48,27.69170666666667,85.327045,0.09,14.562453091815343,"Kathmandu, Kathmandu 44617, Nepal",27.6916865,85.3267644,,,44617,Kathmandu-11,,Kathmandu,Kathmandu,Bagmati Province,Nepal,np,© OpenStreetMap contributors,Open Database License,https://www.openstreetmap.org/copyright
52800281,271,2019-12-10 12:10:18,27.69171,85.32705333333334,0.18,15.265719156280772,"Kathmandu, Kathmandu 44617, Nepal",27.6916865,85.3267644,,,44617,Kathmandu-11,,Kathmandu,Kathmandu,Bagmati Province,Nepal,np,© OpenStreetMap contributors,Open Database License,https://www.openstreetmap.org/copyright
52800773,271,2019-12-10 12:10:48,27.691675,85.32704666666666,0.12,11.501171802084762,"Kathmandu, Kathmandu 44617, Nepal",27.6916865,85.3267644,,,44617,Kathmandu-11,,Kathmandu,Kathmandu,Bagmati Province,Nepal,np,© OpenStreetMap contributors,Open Database License,https://www.openstreetmap.org/copyright
52801499,271,2019-12-10 12:11:31,27.691686666666666,85.32706666666667,0.1,13.552116402224557,"Kathmandu, Kathmandu 44617, Nepal",27.6916865,85.3267644,,,44617,Kathmandu-11,,Kathmandu,Kathmandu,Bagmati Province,Nepal,np,© OpenStreetMap contributors,Open Database License,https://www.openstreetmap.org/copyright
52801610,271,2019-12-10 12:11:37,27.691675,85.32707,0.17,12.546047085769498,"Kathmandu, Kathmandu 44617, Nepal",27.6916865,85.3267644,,,44617,Kathmandu-11,,Kathmandu,Kathmandu,Bagmati Province,Nepal,np,© OpenStreetMap contributors,Open Database License,https://www.openstreetmap.org/copyright
52802105,271,2019-12-10 12:12:07,27.691613333333333,85.32705,0.31,5.543656747148307,"Kathmandu, Kathmandu 44617, Nepal",27.6916865,85.3267644,,,44617,Kathmandu-11,,Kathmandu,Kathmandu,Bagmati Province,Nepal,np,© OpenStreetMap contributors,Open Database License,https://www.openstreetmap.org/copyright
52802615,271,2019-12-10 12:12:36,27.691646666666667,85.32706666666667,0.06,9.590960108373586,"Kathmandu, Kathmandu 44617, Nepal",27.6916865,85.3267644,,,44617,Kathmandu-11,,Kathmandu,Kathmandu,Bagmati Province,Nepal,np,© OpenStreetMap contributors,Open Database License,https://www.openstreetmap.org/copyright
52803108,271,2019-12-10 12:13:06,27.691695,85.32708,0.03,14.974428842892172,"Kathmandu, Kathmandu 44617, Nepal",27.6916865,85.3267644,,,44617,Kathmandu-11,,Kathmandu,Kathmandu,Bagmati Province,Nepal,np,© OpenStreetMap contributors,Open Database License,https://www.openstreetmap.org/copyright
52803610,271,2019-12-10 12:13:36,27.691701666666667,85.32709666666666,0.1,16.380961004928057,"Kathmandu, Kathmandu 44617, Nepal",27.6916865,85.3267644,,,44617,Kathmandu-11,,Kathmandu,Kathmandu,Bagmati Province,Nepal,np,© OpenStreetMap contributors,Open Database License,https://www.openstreetmap.org/copyright
52804102,271,2019-12-10 12:14:06,27.69168833333333,85.32709166666666,0.09,14.836673814792734,"Kathmandu, Kathmandu 44617, Nepal",27.6916865,85.3267644,,,44617,Kathmandu-11,,Kathmandu,Kathmandu,Bagmati Province,Nepal,np,© OpenStreetMap contributors,Open Database License,https://www.openstreetmap.org/copyright
52804588,271,2019-12-10 12:14:36,27.691685,85.32707666666667,0.02,13.834871926021167,"Kathmandu, Kathmandu 44617, Nepal",27.6916865,85.3267644,,,44617,Kathmandu-11,,Kathmandu,Kathmandu,Bagmati Province,Nepal,np,© OpenStreetMap contributors,Open Database License,https://www.openstreetmap.org/copyright
52805080,271,2019-12-10 12:15:05,27.691666666666663,85.32706666666667,0.03,11.571538300210204,"Kathmandu, Kathmandu 44617, Nepal",27.6916865,85.3267644,,,44617,Kathmandu-11,,Kathmandu,Kathmandu,Bagmati Province,Nepal,np,© OpenStreetMap contributors,Open Database License,https://www.openstreetmap.org/copyright
52805589,271,2019-12-10 12:15:35,27.691656666666667,85.32705166666666,0.05,9.909543671325014,"Kathmandu, Kathmandu 44617, Nepal",27.6916865,85.3267644,,,44617,Kathmandu-11,,Kathmandu,Kathmandu,Bagmati Province,Nepal,np,© OpenStreetMap contributors,Open Database License,https://www.openstreetmap.org/copyright
52806081,271,2019-12-10 12:16:05,27.69161666666667,85.32703666666667,0.03,5.276681547864854,"Kathmandu, Kathmandu 44617, Nepal",27.6916865,85.3267644,,,44617,Kathmandu-11,,Kathmandu,Kathmandu,Bagmati Province,Nepal,np,© OpenStreetMap contributors,Open Database License,https://www.openstreetmap.org/copyright
52806577,271,2019-12-10 12:16:35,27.69163333333333,85.32704166666667,0.08,7.151065349134744,"Kathmandu, Kathmandu 44617, Nepal",27.6916865,85.3267644,,,44617,Kathmandu-11,,Kathmandu,Kathmandu,Bagmati Province,Nepal,np,© OpenStreetMap contributors,Open Database License,https://www.openstreetmap.org/copyright
52807078,271,2019-12-10 12:17:04,27.69166833333333,85.32703833333333,0.07,10.467809350290365,"Kathmandu, Kathmandu 44617, Nepal",27.6916865,85.3267644,,,44617,Kathmandu-11,,Kathmandu,Kathmandu,Bagmati Province,Nepal,np,© OpenStreetMap contributors,Open Database License,https://www.openstreetmap.org/copyright
52807568,271,2019-12-10 12:17:34,27.691658333333333,85.32702166666667,0.04,8.731180786356337,"Kathmandu, Kathmandu 44617, Nepal",27.6916865,85.3267644,,,44617,Kathmandu-11,,Kathmandu,Kathmandu,Bagmati Province,Nepal,np,© OpenStreetMap contributors,Open Database License,https://www.openstreetmap.org/copyright
52808081,271,2019-12-10 12:18:04,27.69167,85.32703333333333,0.02,10.408955686295501,"Kathmandu, Kathmandu 44617, Nepal",27.6916865,85.3267644,,,44617,Kathmandu-11,,Kathmandu,Kathmandu,Bagmati Province,Nepal,np,© OpenStreetMap contributors,Open Database License,https://www.openstreetmap.org/copyright
52808565,271,2019-12-10 12:18:34,27.691666666666663,85.32705,0.04,10.825198809420375,"Kathmandu, Kathmandu 44617, Nepal",27.6916865,85.3267644,,,44617,Kathmandu-11,,Kathmandu,Kathmandu,Bagmati Province,Nepal,np,© OpenStreetMap contributors,Open Database License,https://www.openstreetmap.org/copyright
52809061,271,2019-12-10 12:19:04,27.691665,85.32705166666666,0.02,10.73478457863619,"Kathmandu, Kathmandu 44617, Nepal",27.6916865,85.3267644,,,44617,Kathmandu-11,,Kathmandu,Kathmandu,Bagmati Province,Nepal,np,© OpenStreetMap contributors,Open Database License,https://www.openstreetmap.org/copyright
52809549,271,2019-12-10 12:19:33,27.69166,85.327055,0.12,10.388907934319832,"Kathmandu, Kathmandu 44617, Nepal",27.6916865,85.3267644,,,44617,Kathmandu-11,,Kathmandu,Kathmandu,Bagmati Province,Nepal,np,© OpenStreetMap contributors,Open Database License,https://www.openstreetmap.org/copyright
52810040,271,2019-12-10 12:20:03,27.691715,85.32711666666667,0.24,18.596953704556864,"Kathmandu, Kathmandu 44617, Nepal",27.6916865,85.3267644,,,44617,Kathmandu-11,,Kathmandu,Kathmandu,Bagmati Province,Nepal,np,© OpenStreetMap contributors,Open Database License,https://www.openstreetmap.org/copyright
52810587,271,2019-12-10 12:20:33,27.691711666666667,85.32711666666667,0.18,18.26685738486847,"Kathmandu, Kathmandu 44617, Nepal",27.6916865,85.3267644,,,44617,Kathmandu-11,,Kathmandu,Kathmandu,Bagmati Province,Nepal,np,© OpenStreetMap contributors,Open Database License,https://www.openstreetmap.org/copyright
52811109,271,2019-12-10 12:21:03,27.69170833333333,85.32711,0.05,17.63822526018397,"Kathmandu, Kathmandu 44617, Nepal",27.6916865,85.3267644,,,44617,Kathmandu-11,,Kathmandu,Kathmandu,Bagmati Province,Nepal,np,© OpenStreetMap contributors,Open Database License,https://www.openstreetmap.org/copyright
52811610,271,2019-12-10 12:21:32,27.69167333333333,85.32705833333333,0.06,11.858561264907493,"Kathmandu, Kathmandu 44617, Nepal",27.6916865,85.3267644,,,44617,Kathmandu-11,,Kathmandu,Kathmandu,Bagmati Province,Nepal,np,© OpenStreetMap contributors,Open Database License,https://www.openstreetmap.org/copyright
52812137,271,2019-12-10 12:22:02,27.691703333333333,85.32710333333333,0.13,16.844544969471652,"Kathmandu, Kathmandu 44617, Nepal",27.6916865,85.3267644,,,44617,Kathmandu-11,,Kathmandu,Kathmandu,Bagmati Province,Nepal,np,© OpenStreetMap contributors,Open Database License,https://www.openstreetmap.org/copyright
52812654,271,2019-12-10 12:22:32,27.69174,85.32713166666667,0.1,21.744381573691587,"Kathmandu, Kathmandu 44617, Nepal",27.6916865,85.3267644,,,44617,Kathmandu-11,,Kathmandu,Kathmandu,Bagmati Province,Nepal,np,© OpenStreetMap contributors,Open Database License,https://www.openstreetmap.org/copyright
52813160,271,2019-12-10 12:23:02,27.691711666666667,85.32708,0.04,16.62491048927734,"Kathmandu, Kathmandu 44617, Nepal",27.6916865,85.3267644,,,44617,Kathmandu-11,,Kathmandu,Kathmandu,Bagmati Province,Nepal,np,© OpenStreetMap contributors,Open Database License,https://www.openstreetmap.org/copyright
52813690,271,2019-12-10 12:23:32,27.69169833333333,85.327075,0.04,15.080623329487947,"Kathmandu, Kathmandu 44617, Nepal",27.6916865,85.3267644,,,44617,Kathmandu-11,,Kathmandu,Kathmandu,Bagmati Province,Nepal,np,© OpenStreetMap contributors,Open Database License,https://www.openstreetmap.org/copyright
52814214,271,2019-12-10 12:24:01,27.691675,85.32708333333333,0.0,13.143118683954379,"Kathmandu, Kathmandu 44617, Nepal",27.6916865,85.3267644,,,44617,Kathmandu-11,,Kathmandu,Kathmandu,Bagmati Province,Nepal,np,© OpenStreetMap contributors,Open Database License,https://www.openstreetmap.org/copyright
52814748,271,2019-12-10 12:24:31,27.6917,85.32713333333334,0.1,17.857859761289752,"Kathmandu, Kathmandu 44617, Nepal",27.6916865,85.3267644,,,44617,Kathmandu-11,,Kathmandu,Kathmandu,Bagmati Province,Nepal,np,© OpenStreetMap contributors,Open Database License,https://www.openstreetmap.org/copyright
52815254,271,2019-12-10 12:25:01,27.691701666666667,85.327115,0.09,17.20193445993325,"Kathmandu, Kathmandu 44617, Nepal",27.6916865,85.3267644,,,44617,Kathmandu-11,,Kathmandu,Kathmandu,Bagmati Province,Nepal,np,© OpenStreetMap contributors,Open Database License,https://www.openstreetmap.org/copyright
52815752,271,2019-12-10 12:25:31,27.691705,85.32710833333333,0.4,17.233494983964487,"Kathmandu, Kathmandu 44617, Nepal",27.6916865,85.3267644,,,44617,Kathmandu-11,,Kathmandu,Kathmandu,Bagmati Province,Nepal,np,© OpenStreetMap contributors,Open Database License,https://www.openstreetmap.org/copyright
52816257,271,2019-12-10 12:26:01,27.69168833333333,85.327075,0.17,14.0903343177931,"Kathmandu, Kathmandu 44617, Nepal",27.6916865,85.3267644,,,44617,Kathmandu-11,,Kathmandu,Kathmandu,Bagmati Province,Nepal,np,© OpenStreetMap contributors,Open Database License,https://www.openstreetmap.org/copyright
52816753,271,2019-12-10 12:26:30,27.691728333333334,85.32712333333333,0.03,20.215874759461226,"Kathmandu, Kathmandu 44617, Nepal",27.6916865,85.3267644,,,44617,Kathmandu-11,,Kathmandu,Kathmandu,Bagmati Province,Nepal,np,© OpenStreetMap contributors,Open Database License,https://www.openstreetmap.org/copyright
52817255,271,2019-12-10 12:27:00,27.691785,85.32716333333333,0.3,20.365796723687186,"Kathmandu, Kathmandu 44617, Nepal",27.6923583,85.3267156,,,44617,Kathmandu-11,,Kathmandu,Kathmandu,Bagmati Province,Nepal,np,© OpenStreetMap contributors,Open Database License,https://www.openstreetmap.org/copyright
52817787,271,2019-12-10 12:27:30,27.691783333333333,85.32718333333334,0.03,19.53234720184278,"Kathmandu, Kathmandu 44617, Nepal",27.6923583,85.3267156,,,44617,Kathmandu-11,,Kathmandu,Kathmandu,Bagmati Province,Nepal,np,© OpenStreetMap contributors,Open Database License,https://www.openstreetmap.org/copyright
52818305,271,2019-12-10 12:28:00,27.691725,85.32713166666667,0.08,20.258948204759662,"Kathmandu, Kathmandu 44617, Nepal",27.6916865,85.3267644,,,44617,Kathmandu-11,,Kathmandu,Kathmandu,Bagmati Province,Nepal,np,© OpenStreetMap contributors,Open Database License,https://www.openstreetmap.org/copyright
52818814,271,2019-12-10 12:28:30,27.691735,85.32715166666667,0.06,22.144844538721696,"Kathmandu, Kathmandu 44617, Nepal",27.6916865,85.3267644,,,44617,Kathmandu-11,,Kathmandu,Kathmandu,Bagmati Province,Nepal,np,© OpenStreetMap contributors,Open Database License,https://www.openstreetmap.org/copyright
52819310,271,2019-12-10 12:28:59,27.69168833333333,85.327115,0.07,15.881549125891826,"Kathmandu, Kathmandu 44617, Nepal",27.6916865,85.3267644,,,44617,Kathmandu-11,,Kathmandu,Kathmandu,Bagmati Province,Nepal,np,© OpenStreetMap contributors,Open Database License,https://www.openstreetmap.org/copyright
52819815,271,2019-12-10 12:29:29,27.691705,85.32713166666667,0.08,18.27837029970243,"Kathmandu, Kathmandu 44617, Nepal",27.6916865,85.3267644,,,44617,Kathmandu-11,,Kathmandu,Kathmandu,Bagmati Province,Nepal,np,© OpenStreetMap contributors,Open Database License,https://www.openstreetmap.org/copyright
52820312,271,2019-12-10 12:29:59,27.6917,85.32713333333334,0.11,17.857859761289752,"Kathmandu, Kathmandu 44617, Nepal",27.6916865,85.3267644,,,44617,Kathmandu-11,,Kathmandu,Kathmandu,Bagmati Province,Nepal,np,© OpenStreetMap contributors,Open Database License,https://www.openstreetmap.org/copyright
52820810,271,2019-12-10 12:30:29,27.69173333333333,85.32712166666667,0.1,20.636385267713322,"Kathmandu, Kathmandu 44617, Nepal",27.6916865,85.3267644,,,44617,Kathmandu-11,,Kathmandu,Kathmandu,Bagmati Province,Nepal,np,© OpenStreetMap contributors,Open Database License,https://www.openstreetmap.org/copyright
52821328,271,2019-12-10 12:30:59,27.69177833333333,85.327175,0.07,20.426323013291874,"Kathmandu, Kathmandu 44617, Nepal",27.6923583,85.3267156,,,44617,Kathmandu-11,,Kathmandu,Kathmandu,Bagmati Province,Nepal,np,© OpenStreetMap contributors,Open Database License,https://www.openstreetmap.org/copyright
52821819,271,2019-12-10 12:31:28,27.69176833333333,85.32719,0.13,20.65200717576929,"Kathmandu, Kathmandu 44617, Nepal",27.6923583,85.3267156,,,44617,Kathmandu-11,,Kathmandu,Kathmandu,Bagmati Province,Nepal,np,© OpenStreetMap contributors,Open Database License,https://www.openstreetmap.org/copyright
52822328,271,2019-12-10 12:31:58,27.691748333333333,85.32714,0.09,22.942792065661454,"Kathmandu, Kathmandu 44617, Nepal",27.6916865,85.3267644,,,44617,Kathmandu-11,,Kathmandu,Kathmandu,Bagmati Province,Nepal,np,© OpenStreetMap contributors,Open Database License,https://www.openstreetmap.org/copyright
52822822,271,2019-12-10 12:32:28,27.691765,85.32714,0.31,23.444969592763577,"Kathmandu, Kathmandu 44617, Nepal",27.6923583,85.3267156,,,44617,Kathmandu-11,,Kathmandu,Kathmandu,Bagmati Province,Nepal,np,© OpenStreetMap contributors,Open Database License,https://www.openstreetmap.org/copyright
52823343,271,2019-12-10 12:32:58,27.691866666666662,85.32726833333334,0.04,7.334617469693032,"Kathmandu, Kathmandu 44617, Nepal",27.6923583,85.3267156,,,44617,Kathmandu-11,,Kathmandu,Kathmandu,Bagmati Province,Nepal,np,© OpenStreetMap contributors,Open Database License,https://www.openstreetmap.org/copyright
52823843,271,2019-12-10 12:33:27,27.691931666666665,85.32736666666666,0.08,3.734261102296576,"Kathmandu, Kathmandu 44617, Nepal",27.6923583,85.3267156,,,44617,Kathmandu-11,,Kathmandu,Kathmandu,Bagmati Province,Nepal,np,© OpenStreetMap contributors,Open Database License,https://www.openstreetmap.org/copyright
52824365,271,2019-12-10 12:33:57,27.6919,85.32733833333333,0.15,0.7056295835874039,"Kathmandu, Kathmandu 44617, Nepal",27.6923583,85.3267156,,,44617,Kathmandu-11,,Kathmandu,Kathmandu,Bagmati Province,Nepal,np,© OpenStreetMap contributors,Open Database License,https://www.openstreetmap.org/copyright
52824870,271,2019-12-10 12:34:27,27.691881666666667,85.32731166666667,0.05,3.775621039378476,"Kathmandu, Kathmandu 44617, Nepal",27.6923583,85.3267156,,,44617,Kathmandu-11,,Kathmandu,Kathmandu,Bagmati Province,Nepal,np,© OpenStreetMap contributors,Open Database License,https://www.openstreetmap.org/copyright
52825438,271,2019-12-10 12:35:01,27.691861666666668,85.32728833333333,0.19,6.844470074740335,"Kathmandu, Kathmandu 44617, Nepal",27.6923583,85.3267156,,,44617,Kathmandu-11,,Kathmandu,Kathmandu,Bagmati Province,Nepal,np,© OpenStreetMap contributors,Open Database License,https://www.openstreetmap.org/copyright
52825859,271,2019-12-10 12:35:27,27.69184333333333,85.32727,0.06,106.53316309905067,"Bhaktithapa Road 135/27, Bansh Ghari, Kathmandu 44617, Nepal",27.692791,85.32742905366872,135/27,Bhaktithapa Road,44617,Kathmandu-11,Bansh Ghari,Kathmandu,Kathmandu,Bagmati Province,Nepal,np,© OpenStreetMap contributors,Open Database License,https://www.openstreetmap.org/copyright
52826368,271,2019-12-10 12:35:56,27.691836666666667,85.32727333333334,0.02,107.21904361841264,"Bhaktithapa Road 135/27, Bansh Ghari, Kathmandu 44617, Nepal",27.692791,85.32742905366872,135/27,Bhaktithapa Road,44617,Kathmandu-11,Bansh Ghari,Kathmandu,Kathmandu,Bagmati Province,Nepal,np,© OpenStreetMap contributors,Open Database License,https://www.openstreetmap.org/copyright
52826870,271,2019-12-10 12:36:26,27.691885,85.32733333333333,0.08,2.3988664207106654,"Kathmandu, Kathmandu 44617, Nepal",27.6923583,85.3267156,,,44617,Kathmandu-11,,Kathmandu,Kathmandu,Bagmati Province,Nepal,np,© OpenStreetMap contributors,Open Database License,https://www.openstreetmap.org/copyright
52827365,271,2019-12-10 12:36:56,27.691921666666666,85.327375,0.1,3.1732765168276877,"Kathmandu, Kathmandu 44617, Nepal",27.6923583,85.3267156,,,44617,Kathmandu-11,,Kathmandu,Kathmandu,Bagmati Province,Nepal,np,© OpenStreetMap contributors,Open Database License,https://www.openstreetmap.org/copyright
52827853,271,2019-12-10 12:37:26,27.69186333333333,85.32730333333333,0.1,5.953292812212383,"Kathmandu, Kathmandu 44617, Nepal",27.6923583,85.3267156,,,44617,Kathmandu-11,,Kathmandu,Kathmandu,Bagmati Province,Nepal,np,© OpenStreetMap contributors,Open Database License,https://www.openstreetmap.org/copyright
52828353,271,2019-12-10 12:37:56,27.691841666666665,85.32727666666666,0.05,106.62213333117892,"Bhaktithapa Road 135/27, Bansh Ghari, Kathmandu 44617, Nepal",27.692791,85.32742905366872,135/27,Bhaktithapa Road,44617,Kathmandu-11,Bansh Ghari,Kathmandu,Kathmandu,Bagmati Province,Nepal,np,© OpenStreetMap contributors,Open Database License,https://www.openstreetmap.org/copyright
52828840,271,2019-12-10 12:38:25,27.69182333333333,85.32726166666667,0.01,11.847631267543559,"Kathmandu, Kathmandu 44617, Nepal",27.6923583,85.3267156,,,44617,Kathmandu-11,,Kathmandu,Kathmandu,Bagmati Province,Nepal,np,© OpenStreetMap contributors,Open Database License,https://www.openstreetmap.org/copyright
52829337,271,2019-12-10 12:38:55,27.691775,85.32719666666667,0.08,19.683137297407804,"Kathmandu, Kathmandu 44617, Nepal",27.6923583,85.3267156,,,44617,Kathmandu-11,,Kathmandu,Kathmandu,Bagmati Province,Nepal,np,© OpenStreetMap contributors,Open Database License,https://www.openstreetmap.org/copyright
52829825,271,2019-12-10 12:39:25,27.691736666666667,85.32713833333334,0.06,21.71282107802665,"Kathmandu, Kathmandu 44617, Nepal",27.6916865,85.3267644,,,44617,Kathmandu-11,,Kathmandu,Kathmandu,Bagmati Province,Nepal,np,© OpenStreetMap contributors,Open Database License,https://www.openstreetmap.org/copyright
52830307,271,2019-12-10 12:39:55,27.691765,85.32714666666666,0.0,23.113816001477556,"Kathmandu, Kathmandu 44617, Nepal",27.6923583,85.3267156,,,44617,Kathmandu-11,,Kathmandu,Kathmandu,Bagmati Province,Nepal,np,© OpenStreetMap contributors,Open Database License,https://www.openstreetmap.org/copyright
52830803,271,2019-12-10 12:40:24,27.691785,85.32716166666667,0.09,20.44858512136279,"Kathmandu, Kathmandu 44617, Nepal",27.6923583,85.3267156,,,44617,Kathmandu-11,,Kathmandu,Kathmandu,Bagmati Province,Nepal,np,© OpenStreetMap contributors,Open Database License,https://www.openstreetmap.org/copyright
52831290,271,2019-12-10 12:40:54,27.69177,85.32714833333333,0.04,22.550993767591585,"Kathmandu, Kathmandu 44617, Nepal",27.6923583,85.3267156,,,44617,Kathmandu-11,,Kathmandu,Kathmandu,Bagmati Province,Nepal,np,© OpenStreetMap contributors,Open Database License,https://www.openstreetmap.org/copyright
52831789,271,2019-12-10 12:41:24,27.691741666666665,85.32711333333333,0.05,21.088456270728493,"Kathmandu, Kathmandu 44617, Nepal",27.6916865,85.3267644,,,44617,Kathmandu-11,,Kathmandu,Kathmandu,Bagmati Province,Nepal,np,© OpenStreetMap contributors,Open Database License,https://www.openstreetmap.org/copyright
52832282,271,2019-12-10 12:41:54,27.69170666666667,85.32708333333333,0.05,16.279033900636865,"Kathmandu, Kathmandu 44617, Nepal",27.6916865,85.3267644,,,44617,Kathmandu-11,,Kathmandu,Kathmandu,Bagmati Province,Nepal,np,© OpenStreetMap contributors,Open Database License,https://www.openstreetmap.org/copyright
52832809,271,2019-12-10 12:42:24,27.69168833333333,85.32704833333334,0.04,12.896191140736983,"Kathmandu, Kathmandu 44617, Nepal",27.6916865,85.3267644,,,44617,Kathmandu-11,,Kathmandu,Kathmandu,Bagmati Province,Nepal,np,© OpenStreetMap contributors,Open Database License,https://www.openstreetmap.org/copyright
52833320,271,2019-12-10 12:42:53,27.691681666666668,85.327045,0.23,12.0867305548068,"Kathmandu, Kathmandu 44617, Nepal",27.6916865,85.3267644,,,44617,Kathmandu-11,,Kathmandu,Kathmandu,Bagmati Province,Nepal,np,© OpenStreetMap contributors,Open Database License,https://www.openstreetmap.org/copyright
52833829,271,2019-12-10 12:43:23,27.691666666666663,85.32701666666667,0.1,9.332519853199438,"Kathmandu, Kathmandu 44617, Nepal",27.6916865,85.3267644,,,44617,Kathmandu-11,,Kathmandu,Kathmandu,Bagmati Province,Nepal,np,© OpenStreetMap contributors,Open Database License,https://www.openstreetmap.org/copyright
52834350,271,2019-12-10 12:43:53,27.691666666666663,85.32700666666666,0.06,8.884716173248432,"Kathmandu, Kathmandu 44617, Nepal",27.6916865,85.3267644,,,44617,Kathmandu-11,,Kathmandu,Kathmandu,Bagmati Province,Nepal,np,© OpenStreetMap contributors,Open Database License,https://www.openstreetmap.org/copyright
52834886,271,2019-12-10 12:44:23,27.691651666666665,85.32700333333334,0.05,7.250014629133338,"Kathmandu, Kathmandu 44617, Nepal",27.6916865,85.3267644,,,44617,Kathmandu-11,,Kathmandu,Kathmandu,Bagmati Province,Nepal,np,© OpenStreetMap contributors,Open Database License,https://www.openstreetmap.org/copyright
52835387,271,2019-12-10 12:44:53,27.691686666666666,85.32705166666666,0.04,12.880410865140414,"Kathmandu, Kathmandu 44617, Nepal",27.6916865,85.3267644,,,44617,Kathmandu-11,,Kathmandu,Kathmandu,Bagmati Province,Nepal,np,© OpenStreetMap contributors,Open Database License,https://www.openstreetmap.org/copyright
52835879,271,2019-12-10 12:45:22,27.691716666666668,85.32707666666667,0.1,16.970787074489,"Kathmandu, Kathmandu 44617, Nepal",27.6916865,85.3267644,,,44617,Kathmandu-11,,Kathmandu,Kathmandu,Bagmati Province,Nepal,np,© OpenStreetMap contributors,Open Database License,https://www.openstreetmap.org/copyright
52836370,271,2019-12-10 12:45:52,27.69174,85.327075,0.04,19.206827300225623,"Kathmandu, Kathmandu 44617, Nepal",27.6916865,85.3267644,,,44617,Kathmandu-11,,Kathmandu,Kathmandu,Bagmati Province,Nepal,np,© OpenStreetMap contributors,Open Database License,https://www.openstreetmap.org/copyright
52836869,271,2019-12-10 12:46:22,27.691755,85.32709333333334,0.02,21.513234060007072,"Kathmandu, Kathmandu 44617, Nepal",27.6916865,85.3267644,,,44617,Kathmandu-11,,Kathmandu,Kathmandu,Bagmati Province,Nepal,np,© OpenStreetMap contributors,Open Database License,https://www.openstreetmap.org/copyright
52837356,271,2019-12-10 12:46:52,27.691735,85.32708,0.06,18.93558468902788,"Kathmandu, Kathmandu 44617, Nepal",27.6916865,85.3267644,,,44617,Kathmandu-11,,Kathmandu,Kathmandu,Bagmati Province,Nepal,np,© OpenStreetMap contributors,Open Database License,https://www.openstreetmap.org/copyright
52837863,271,2019-12-10 12:47:22,27.69177,85.32711833333333,0.03,24.118176564159157,"Kathmandu, Kathmandu 44617, Nepal",27.6916865,85.3267644,,,44617,Kathmandu-11,,Kathmandu,Kathmandu,Bagmati Province,Nepal,np,© OpenStreetMap contributors,Open Database License,https://www.openstreetmap.org/copyright
52838380,271,2019-12-10 12:47:51,27.691805,85.32718,0.06,17.61777756514992,"Kathmandu, Kathmandu 44617, Nepal",27.6923583,85.3267156,,,44617,Kathmandu-11,,Kathmandu,Kathmandu,Bagmati Province,Nepal,np,© OpenStreetMap contributors,Open Database License,https://www.openstreetmap.org/copyright
52838882,271,2019-12-10 12:48:21,27.69178,85.32718166666666,0.04,19.935158142349856,"Kathmandu, Kathmandu 44617, Nepal",27.6923583,85.3267156,,,44617,Kathmandu-11,,Kathmandu,Kathmandu,Bagmati Province,Nepal,np,© OpenStreetMap contributors,Open Database License,https://www.openstreetmap.org/copyright
52839376,271,2019-12-10 12:48:51,27.691785,85.32721666666667,0.02,17.743112639377898,"Kathmandu, Kathmandu 44617, Nepal",27.6923583,85.3267156,,,44617,Kathmandu-11,,Kathmandu,Kathmandu,Bagmati Province,Nepal,np,© OpenStreetMap contributors,Open Database License,https://www.openstreetmap.org/copyright
52839863,271,2019-12-10 12:49:21,27.691786666666665,85.3272,0.03,18.393214921527115,"Kathmandu, Kathmandu 44617, Nepal",27.6923583,85.3267156,,,44617,Kathmandu-11,,Kathmandu,Kathmandu,Bagmati Province,Nepal,np,© OpenStreetMap contributors,Open Database License,https://www.openstreetmap.org/copyright
52840403,271,2019-12-10 12:49:51,27.69181,85.32722333333334,0.11,15.002170524457016,"Kathmandu, Kathmandu 44617, Nepal",27.6923583,85.3267156,,,44617,Kathmandu-11,,Kathmandu,Kathmandu,Bagmati Province,Nepal,np,© OpenStreetMap contributors,Open Database License,https://www.openstreetmap.org/copyright
52840920,271,2019-12-10 12:50:20,27.691828333333333,85.327255,0.02,108.40688436442623,"Bhaktithapa Road 135/27, Bansh Ghari, Kathmandu 44617, Nepal",27.692791,85.32742905366872,135/27,Bhaktithapa Road,44617,Kathmandu-11,Bansh Ghari,Kathmandu,Kathmandu,Bagmati Province,Nepal,np,© OpenStreetMap contributors,Open Database License,https://www.openstreetmap.org/copyright
52841443,271,2019-12-10 12:50:50,27.69181833333333,85.32723666666666,0.02,13.547723346019986,"Kathmandu, Kathmandu 44617, Nepal",27.6923583,85.3267156,,,44617,Kathmandu-11,,Kathmandu,Kathmandu,Bagmati Province,Nepal,np,© OpenStreetMap contributors,Open Database License,https://www.openstreetmap.org/copyright
52841976,271,2019-12-10 12:51:20,27.691825,85.32723166666666,0.01,13.146693400496753,"Kathmandu, Kathmandu 44617, Nepal",27.6923583,85.3267156,,,44617,Kathmandu-11,,Kathmandu,Kathmandu,Bagmati Province,Nepal,np,© OpenStreetMap contributors,Open Database License,https://www.openstreetmap.org/copyright
52842503,271,2019-12-10 12:51:50,27.691838333333333,85.32725,0.05,107.38877644807278,"Bhaktithapa Road 135/27, Bansh Ghari, Kathmandu 44617, Nepal",27.692791,85.32742905366872,135/27,Bhaktithapa Road,44617,Kathmandu-11,Bansh Ghari,Kathmandu,Kathmandu,Bagmati Province,Nepal,np,© OpenStreetMap contributors,Open Database License,https://www.openstreetmap.org/copyright
52843007,271,2019-12-10 12:52:19,27.691835,85.32724833333333,0.06,107.7813843346397,"Bhaktithapa Road 135/27, Bansh Ghari, Kathmandu 44617, Nepal",27.692791,85.32742905366872,135/27,Bhaktithapa Road,44617,Kathmandu-11,Bansh Ghari,Kathmandu,Kathmandu,Bagmati Province,Nepal,np,© OpenStreetMap contributors,Open Database License,https://www.openstreetmap.org/copyright
52843506,271,2019-12-10 12:52:49,27.69180666666667,85.32721833333333,0.05,15.567725405473983,"Kathmandu, Kathmandu 44617, Nepal",27.6923583,85.3267156,,,44617,Kathmandu-11,,Kathmandu,Kathmandu,Bagmati Province,Nepal,np,© OpenStreetMap contributors,Open Database License,https://www.openstreetmap.org/copyright
52843995,271,2019-12-10 12:53:19,27.691765,85.32716166666667,0.07,22.368720412381133,"Kathmandu, Kathmandu 44617, Nepal",27.6923583,85.3267156,,,44617,Kathmandu-11,,Kathmandu,Kathmandu,Bagmati Province,Nepal,np,© OpenStreetMap contributors,Open Database License,https://www.openstreetmap.org/copyright
52844488,271,2019-12-10 12:53:49,27.691801666666667,85.3272,0.1,16.944345131597014,"Kathmandu, Kathmandu 44617, Nepal",27.6923583,85.3267156,,,44617,Kathmandu-11,,Kathmandu,Kathmandu,Bagmati Province,Nepal,np,© OpenStreetMap contributors,Open Database License,https://www.openstreetmap.org/copyright
52844985,271,2019-12-10 12:54:19,27.691825,85.327215,0.0,109.46248137618575,"Bhaktithapa Road 135/27, Bansh Ghari, Kathmandu 44617, Nepal",27.692791,85.32742905366872,135/27,Bhaktithapa Road,44617,Kathmandu-11,Bansh Ghari,Kathmandu,Kathmandu,Bagmati Province,Nepal,np,© OpenStreetMap contributors,Open Database License,https://www.openstreetmap.org/copyright
52845481,271,2019-12-10 12:54:48,27.69182,85.32721,0.0,14.687485079990875,"Kathmandu, Kathmandu 44617, Nepal",27.6923583,85.3267156,,,44617,Kathmandu-11,,Kathmandu,Kathmandu,Bagmati Province,Nepal,np,© OpenStreetMap contributors,Open Database License,https://www.openstreetmap.org/copyright
52845994,271,2019-12-10 12:55:18,27.691755,85.327155,0.04,23.65994169780383,"Kathmandu, Kathmandu 44617, Nepal",27.6923583,85.3267156,,,44617,Kathmandu-11,,Kathmandu,Kathmandu,Bagmati Province,Nepal,np,© OpenStreetMap contributors,Open Database License,https://www.openstreetmap.org/copyright
52846497,271,2019-12-10 12:55:48,27.69177833333333,85.327165,0.04,20.923053409628615,"Kathmandu, Kathmandu 44617, Nepal",27.6923583,85.3267156,,,44617,Kathmandu-11,,Kathmandu,Kathmandu,Bagmati Province,Nepal,np,© OpenStreetMap contributors,Open Database License,https://www.openstreetmap.org/copyright
52846989,271,2019-12-10 12:56:18,27.691795,85.32717333333333,0.1,18.908998730731152,"Kathmandu, Kathmandu 44617, Nepal",27.6923583,85.3267156,,,44617,Kathmandu-11,,Kathmandu,Kathmandu,Bagmati Province,Nepal,np,© OpenStreetMap contributors,Open Database License,https://www.openstreetmap.org/copyright
52847485,271,2019-12-10 12:56:48,27.691796666666665,85.327165,0.02,19.162929459194437,"Kathmandu, Kathmandu 44617, Nepal",27.6923583,85.3267156,,,44617,Kathmandu-11,,Kathmandu,Kathmandu,Bagmati Province,Nepal,np,© OpenStreetMap contributors,Open Database License,https://www.openstreetmap.org/copyright
52847970,271,2019-12-10 12:57:17,27.691786666666665,85.32715333333333,0.07,20.702515843152124,"Kathmandu, Kathmandu 44617, Nepal",27.6923583,85.3267156,,,44617,Kathmandu-11,,Kathmandu,Kathmandu,Bagmati Province,Nepal,np,© OpenStreetMap contributors,Open Database License,https://www.openstreetmap.org/copyright
52848478,271,2019-12-10 12:57:47,27.691783333333333,85.32715166666667,0.06,21.105326780256178,"Kathmandu, Kathmandu 44617, Nepal",27.6923583,85.3267156,,,44617,Kathmandu-11,,Kathmandu,Kathmandu,Bagmati Province,Nepal,np,© OpenStreetMap contributors,Open Database License,https://www.openstreetmap.org/copyright
52848983,271,2019-12-10 12:58:17,27.69177333333333,85.32716166666667,0.0,21.568664027613384,"Kathmandu, Kathmandu 44617, Nepal",27.6923583,85.3267156,,,44617,Kathmandu-11,,Kathmandu,Kathmandu,Bagmati Province,Nepal,np,© OpenStreetMap contributors,Open Database License,https://www.openstreetmap.org/copyright
52849500,271,2019-12-10 12:58:47,27.691775,85.32716333333333,0.01,21.32586435461712,"Kathmandu, Kathmandu 44617, Nepal",27.6923583,85.3267156,,,44617,Kathmandu-11,,Kathmandu,Kathmandu,Bagmati Province,Nepal,np,© OpenStreetMap contributors,Open Database License,https://www.openstreetmap.org/copyright
52850042,271,2019-12-10 12:59:16,27.691785,85.32717833333334,0.05,19.62070113192876,"Kathmandu, Kathmandu 44617, Nepal",27.6923583,85.3267156,,,44617,Kathmandu-11,,Kathmandu,Kathmandu,Bagmati Province,Nepal,np,© OpenStreetMap contributors,Open Database License,https://www.openstreetmap.org/copyright
52850552,271,2019-12-10 12:59:46,27.69180666666667,85.32723,0.05,14.999885566546464,"Kathmandu, Kathmandu 44617, Nepal",27.6923583,85.3267156,,,44617,Kathmandu-11,,Kathmandu,Kathmandu,Bagmati Province,Nepal,np,© OpenStreetMap contributors,Open Database License,https://www.openstreetmap.org/copyright
52851054,271,2019-12-10 13:00:16,27.691815,85.327245,0.08,13.464318398388937,"Kathmandu, Kathmandu 44617, Nepal",27.6923583,85.3267156,,,44617,Kathmandu-11,,Kathmandu,Kathmandu,Bagmati Province,Nepal,np,© OpenStreetMap contributors,Open Database License,https://www.openstreetmap.org/copyright
52851555,271,2019-12-10 13:00:46,27.691775,85.327255,0.04,16.843938048493293,"Kathmandu, Kathmandu 44617, Nepal",27.6923583,85.3267156,,,44617,Kathmandu-11,,Kathmandu,Kathmandu,Bagmati Province,Nepal,np,© OpenStreetMap contributors,Open Database License,https://www.openstreetmap.org/copyright
52852063,271,2019-12-10 13:01:16,27.69176833333333,85.32718833333334,0.05,20.733127151840684,"Kathmandu, Kathmandu 44617, Nepal",27.6923583,85.3267156,,,44617,Kathmandu-11,,Kathmandu,Kathmandu,Bagmati Province,Nepal,np,© OpenStreetMap contributors,Open Database License,https://www.openstreetmap.org/copyright
52852557,271,2019-12-10 13:01:45,27.69176,85.32716166666667,0.04,22.84875425246392,"Kathmandu, Kathmandu 44617, Nepal",27.6923583,85.3267156,,,44617,Kathmandu-11,,Kathmandu,Kathmandu,Bagmati Province,Nepal,np,© OpenStreetMap contributors,Open Database License,https://www.openstreetmap.org/copyright
52853058,271,2019-12-10 13:02:15,27.69176,85.32716666666667,0.02,22.600389053689725,"Kathmandu, Kathmandu 44617, Nepal",27.6923583,85.3267156,,,44617,Kathmandu-11,,Kathmandu,Kathmandu,Bagmati Province,Nepal,np,© OpenStreetMap contributors,Open Database License,https://www.openstreetmap.org/copyright
52853557,271,2019-12-10 13:02:45,27.691771666666668,85.32716833333333,0.11,21.397521706148318,"Kathmandu, Kathmandu 44617, Nepal",27.6923583,85.3267156,,,44617,Kathmandu-11,,Kathmandu,Kathmandu,Bagmati Province,Nepal,np,© OpenStreetMap contributors,Open Database License,https://www.openstreetmap.org/copyright
52854067,271,2019-12-10 13:03:15,27.691795,85.32717,0.01,19.07457552834506,"Kathmandu, Kathmandu 44617, Nepal",27.6923583,85.3267156,,,44617,Kathmandu-11,,Kathmandu,Kathmandu,Bagmati Province,Nepal,np,© OpenStreetMap contributors,Open Database License,https://www.openstreetmap.org/copyright
52854566,271,2019-12-10 13:03:45,27.69180833333333,85.32715333333333,0.03,18.62236940966768,"Kathmandu, Kathmandu 44617, Nepal",27.6923583,85.3267156,,,44617,Kathmandu-11,,Kathmandu,Kathmandu,Bagmati Province,Nepal,np,© OpenStreetMap contributors,Open Database License,https://www.openstreetmap.org/copyright
52855063,271,2019-12-10 13:04:14,27.69184,85.32717166666667,0.03,108.74069430235285,"Bhaktithapa Road 135/27, Bansh Ghari, Kathmandu 44617, Nepal",27.692791,85.32742905366872,135/27,Bhaktithapa Road,44617,Kathmandu-11,Bansh Ghari,Kathmandu,Kathmandu,Bagmati Province,Nepal,np,© OpenStreetMap contributors,Open Database License,https://www.openstreetmap.org/copyright
52855559,271,2019-12-10 13:04:44,27.69183333333333,85.32718833333334,0.05,109.09349265346077,"Bhaktithapa Road 135/27, Bansh Ghari, Kathmandu 44617, Nepal",27.692791,85.32742905366872,135/27,Bhaktithapa Road,44617,Kathmandu-11,Bansh Ghari,Kathmandu,Kathmandu,Bagmati Province,Nepal,np,© OpenStreetMap contributors,Open Database License,https://www.openstreetmap.org/copyright
52856065,271,2019-12-10 13:05:14,27.691825,85.32719,0.02,109.9629297943291,"Bhaktithapa Road 135/27, Bansh Ghari, Kathmandu 44617, Nepal",27.692791,85.32742905366872,135/27,Bhaktithapa Road,44617,Kathmandu-11,Bansh Ghari,Kathmandu,Kathmandu,Bagmati Province,Nepal,np,© OpenStreetMap contributors,Open Database License,https://www.openstreetmap.org/copyright
52856570,271,2019-12-10 13:05:44,27.69182333333333,85.32722,0.08,13.875630704138798,"Kathmandu, Kathmandu 44617, Nepal",27.6923583,85.3267156,,,44617,Kathmandu-11,,Kathmandu,Kathmandu,Bagmati Province,Nepal,np,© OpenStreetMap contributors,Open Database License,https://www.openstreetmap.org/copyright
52857072,271,2019-12-10 13:06:14,27.691791666666667,85.32723166666666,0.02,16.368642902290606,"Kathmandu, Kathmandu 44617, Nepal",27.6923583,85.3267156,,,44617,Kathmandu-11,,Kathmandu,Kathmandu,Bagmati Province,Nepal,np,© OpenStreetMap contributors,Open Database License,https://www.openstreetmap.org/copyright
52857577,271,2019-12-10 13:06:43,27.69178,85.32722166666667,0.07,17.983045167481,"Kathmandu, Kathmandu 44617, Nepal",27.6923583,85.3267156,,,44617,Kathmandu-11,,Kathmandu,Kathmandu,Bagmati Province,Nepal,np,© OpenStreetMap contributors,Open Database License,https://www.openstreetmap.org/copyright
52858073,271,2019-12-10 13:07:13,27.691758333333333,85.32719,0.03,21.61859215814475,"Kathmandu, Kathmandu 44617, Nepal",27.6923583,85.3267156,,,44617,Kathmandu-11,,Kathmandu,Kathmandu,Bagmati Province,Nepal,np,© OpenStreetMap contributors,Open Database License,https://www.openstreetmap.org/copyright
52858565,271,2019-12-10 13:07:43,27.691781666666667,85.3272,0.16,18.876507383492708,"Kathmandu, Kathmandu 44617, Nepal",27.6923583,85.3267156,,,44617,Kathmandu-11,,Kathmandu,Kathmandu,Bagmati Province,Nepal,np,© OpenStreetMap contributors,Open Database License,https://www.openstreetmap.org/copyright
52859080,271,2019-12-10 13:08:13,27.69183,85.32725833333333,0.36,108.17240986121766,"Bhaktithapa Road 135/27, Bansh Ghari, Kathmandu 44617, Nepal",27.692791,85.32742905366872,135/27,Bhaktithapa Road,44617,Kathmandu-11,Bansh Ghari,Kathmandu,Kathmandu,Bagmati Province,Nepal,np,© OpenStreetMap contributors,Open Database License,https://www.openstreetmap.org/copyright
52859607,271,2019-12-10 13:08:42,27.69182333333333,85.327175,0.09,110.46898463451093,"Bhaktithapa Road 135/27, Bansh Ghari, Kathmandu 44617, Nepal",27.692791,85.32742905366872,135/27,Bhaktithapa Road,44617,Kathmandu-11,Bansh Ghari,Kathmandu,Kathmandu,Bagmati Province,Nepal,np,© OpenStreetMap contributors,Open Database License,https://www.openstreetmap.org/copyright
52860108,271,2019-12-10 13:09:12,27.69181,85.32711833333333,0.06,113.29120356211334,"Bhaktithapa Road 135/27, Bansh Ghari, Kathmandu 44617, Nepal",27.692791,85.32742905366872,135/27,Bhaktithapa Road,44617,Kathmandu-11,Bansh Ghari,Kathmandu,Kathmandu,Bagmati Province,Nepal,np,© OpenStreetMap contributors,Open Database License,https://www.openstreetmap.org/copyright
52860602,271,2019-12-10 13:09:42,27.691803333333333,85.32709,0.15,114.78519954143593,"Bhaktithapa Road 135/27, Bansh Ghari, Kathmandu 44617, Nepal",27.692791,85.32742905366872,135/27,Bhaktithapa Road,44617,Kathmandu-11,Bansh Ghari,Kathmandu,Kathmandu,Bagmati Province,Nepal,np,© OpenStreetMap contributors,Open Database License,https://www.openstreetmap.org/copyright
52861119,271,2019-12-10 13:10:12,27.691793333333333,85.327075,0.03,23.9535253093429,"Kathmandu, Kathmandu 44617, Nepal",27.6923583,85.3267156,,,44617,Kathmandu-11,,Kathmandu,Kathmandu,Bagmati Province,Nepal,np,© OpenStreetMap contributors,Open Database License,https://www.openstreetmap.org/copyright
52861651,271,2019-12-10 13:10:42,27.691783333333333,85.32707833333333,0.19,23.647346906591086,"Kathmandu, Kathmandu 44617, Nepal",27.6916865,85.3267644,,,44617,Kathmandu-11,,Kathmandu,Kathmandu,Bagmati Province,Nepal,np,© OpenStreetMap contributors,Open Database License,https://www.openstreetmap.org/copyright
52862137,271,2019-12-10 13:11:11,27.691815,85.32709833333334,0.02,113.30611092897514,"Bhaktithapa Road 135/27, Bansh Ghari, Kathmandu 44617, Nepal",27.692791,85.32742905366872,135/27,Bhaktithapa Road,44617,Kathmandu-11,Bansh Ghari,Kathmandu,Kathmandu,Bagmati Province,Nepal,np,© OpenStreetMap contributors,Open Database License,https://www.openstreetmap.org/copyright
52862634,271,2019-12-10 13:11:41,27.691826666666667,85.327105,0.07,111.87521686217765,"Bhaktithapa Road 135/27, Bansh Ghari, Kathmandu 44617, Nepal",27.692791,85.32742905366872,135/27,Bhaktithapa Road,44617,Kathmandu-11,Bansh Ghari,Kathmandu,Kathmandu,Bagmati Province,Nepal,np,© OpenStreetMap contributors,Open Database License,https://www.openstreetmap.org/copyright
52863128,271,2019-12-10 13:12:11,27.691831666666666,85.327105,0.08,111.34244339591994,"Bhaktithapa Road 135/27, Bansh Ghari, Kathmandu 44617, Nepal",27.692791,85.32742905366872,135/27,Bhaktithapa Road,44617,Kathmandu-11,Bansh Ghari,Kathmandu,Kathmandu,Bagmati Province,Nepal,np,© OpenStreetMap contributors,Open Database License,https://www.openstreetmap.org/copyright
52863623,271,2019-12-10 13:12:41,27.691835,85.32709666666666,0.05,111.22603072505922,"Bhaktithapa Road 135/27, Bansh Ghari, Kathmandu 44617, Nepal",27.692791,85.32742905366872,135/27,Bhaktithapa Road,44617,Kathmandu-11,Bansh Ghari,Kathmandu,Kathmandu,Bagmati Province,Nepal,np,© OpenStreetMap contributors,Open Database License,https://www.openstreetmap.org/copyright
52864161,271,2019-12-10 13:13:11,27.69186333333333,85.327145,0.14,106.87612992576294,"Bhaktithapa Road 135/27, Bansh Ghari, Kathmandu 44617, Nepal",27.692791,85.32742905366872,135/27,Bhaktithapa Road,44617,Kathmandu-11,Bansh Ghari,Kathmandu,Kathmandu,Bagmati Province,Nepal,np,© OpenStreetMap contributors,Open Database License,https://www.openstreetmap.org/copyright
52864716,271,2019-12-10 13:13:40,27.691855,85.32710833333333,0.06,108.76349692542723,"Bhaktithapa Road 135/27, Bansh Ghari, Kathmandu 44617, Nepal",27.692791,85.32742905366872,135/27,Bhaktithapa Road,44617,Kathmandu-11,Bansh Ghari,Kathmandu,Kathmandu,Bagmati Province,Nepal,np,© OpenStreetMap contributors,Open Database License,https://www.openstreetmap.org/copyright
52865240,271,2019-12-10 13:14:10,27.69185833333333,85.327085,0.05,109.10018438775384,"Bhaktithapa Road 135/27, Bansh Ghari, Kathmandu 44617, Nepal",27.692791,85.32742905366872,135/27,Bhaktithapa Road,44617,Kathmandu-11,Bansh Ghari,Kathmandu,Kathmandu,Bagmati Province,Nepal,np,© OpenStreetMap contributors,Open Database License,https://www.openstreetmap.org/copyright
52865770,271,2019-12-10 13:14:40,27.69186,85.327105,0.0,108.3277985632713,"Bhaktithapa Road 135/27, Bansh Ghari, Kathmandu 44617, Nepal",27.692791,85.32742905366872,135/27,Bhaktithapa Road,44617,Kathmandu-11,Bansh Ghari,Kathmandu,Kathmandu,Bagmati Province,Nepal,np,© OpenStreetMap contributors,Open Database License,https://www.openstreetmap.org/copyright
52866287,271,2019-12-10 13:15:10,27.691866666666662,85.32713,0.01,106.91570471913651,"Bhaktithapa Road 135/27, Bansh Ghari, Kathmandu 44617, Nepal",27.692791,85.32742905366872,135/27,Bhaktithapa Road,44617,Kathmandu-11,Bansh Ghari,Kathmandu,Kathmandu,Bagmati Province,Nepal,np,© OpenStreetMap contributors,Open Database License,https://www.openstreetmap.org/copyright
52866786,271,2019-12-10 13:15:40,27.69185,85.327135,0.03,108.56617233824036,"Bhaktithapa Road 135/27, Bansh Ghari, Kathmandu 44617, Nepal",27.692791,85.32742905366872,135/27,Bhaktithapa Road,44617,Kathmandu-11,Bansh Ghari,Kathmandu,Kathmandu,Bagmati Province,Nepal,np,© OpenStreetMap contributors,Open Database License,https://www.openstreetmap.org/copyright
52867287,271,2019-12-10 13:16:09,27.691831666666666,85.32712833333333,0.05,110.70600392355966,"Bhaktithapa Road 135/27, Bansh Ghari, Kathmandu 44617, Nepal",27.692791,85.32742905366872,135/27,Bhaktithapa Road,44617,Kathmandu-11,Bansh Ghari,Kathmandu,Kathmandu,Bagmati Province,Nepal,np,© OpenStreetMap contributors,Open Database License,https://www.openstreetmap.org/copyright
52867784,271,2019-12-10 13:16:39,27.69184333333333,85.32715333333333,0.05,108.81650640808027,"Bhaktithapa Road 135/27, Bansh Ghari, Kathmandu 44617, Nepal",27.692791,85.32742905366872,135/27,Bhaktithapa Road,44617,Kathmandu-11,Bansh Ghari,Kathmandu,Kathmandu,Bagmati Province,Nepal,np,© OpenStreetMap contributors,Open Database License,https://www.openstreetmap.org/copyright
52868274,271,2019-12-10 13:17:09,27.69185833333333,85.32717833333334,0.02,106.60540375239738,"Bhaktithapa Road 135/27, Bansh Ghari, Kathmandu 44617, Nepal",27.692791,85.32742905366872,135/27,Bhaktithapa Road,44617,Kathmandu-11,Bansh Ghari,Kathmandu,Kathmandu,Bagmati Province,Nepal,np,© OpenStreetMap contributors,Open Database License,https://www.openstreetmap.org/copyright
52868776,271,2019-12-10 13:17:39,27.691841666666665,85.32717,0.1,108.59890402716469,"Bhaktithapa Road 135/27, Bansh Ghari, Kathmandu 44617, Nepal",27.692791,85.32742905366872,135/27,Bhaktithapa Road,44617,Kathmandu-11,Bansh Ghari,Kathmandu,Kathmandu,Bagmati Province,Nepal,np,© OpenStreetMap contributors,Open Database License,https://www.openstreetmap.org/copyright
52869272,271,2019-12-10 13:18:08,27.691803333333333,85.32712166666667,0.0,20.675382706954984,"Kathmandu, Kathmandu 44617, Nepal",27.6923583,85.3267156,,,44617,Kathmandu-11,,Kathmandu,Kathmandu,Bagmati Province,Nepal,np,© OpenStreetMap contributors,Open Database License,https://www.openstreetmap.org/copyright
52869773,271,2019-12-10 13:18:38,27.691803333333333,85.32709833333334,0.01,114.54926966984111,"Bhaktithapa Road 135/27, Bansh Ghari, Kathmandu 44617, Nepal",27.692791,85.32742905366872,135/27,Bhaktithapa Road,44617,Kathmandu-11,Bansh Ghari,Kathmandu,Kathmandu,Bagmati Province,Nepal,np,© OpenStreetMap contributors,Open Database License,https://www.openstreetmap.org/copyright
52870286,271,2019-12-10 13:19:08,27.69182,85.327135,0.01,111.78476141895322,"Bhaktithapa Road 135/27, Bansh Ghari, Kathmandu 44617, Nepal",27.692791,85.32742905366872,135/27,Bhaktithapa Road,44617,Kathmandu-11,Bansh Ghari,Kathmandu,Kathmandu,Bagmati Province,Nepal,np,© OpenStreetMap contributors,Open Database License,https://www.openstreetmap.org/copyright
52870820,271,2019-12-10 13:19:38,27.69184,85.3272,0.01,108.1246065730968,"Bhaktithapa Road 135/27, Bansh Ghari, Kathmandu 44617, Nepal",27.692791,85.32742905366872,135/27,Bhaktithapa Road,44617,Kathmandu-11,Bansh Ghari,Kathmandu,Kathmandu,Bagmati Province,Nepal,np,© OpenStreetMap contributors,Open Database License,https://www.openstreetmap.org/copyright
52871337,271,2019-12-10 13:20:08,27.69184,85.32721333333333,0.04,107.85843384229541,"Bhaktithapa Road 135/27, Bansh Ghari, Kathmandu 44617, Nepal",27.692791,85.32742905366872,135/27,Bhaktithapa Road,44617,Kathmandu-11,Bansh Ghari,Kathmandu,Kathmandu,Bagmati Province,Nepal,np,© OpenStreetMap contributors,Open Database License,https://www.openstreetmap.org/copyright
52871835,271,2019-12-10 13:20:37,27.691866666666662,85.327235,0.04,8.965344380444577,"Kathmandu, Kathmandu 44617, Nepal",27.6923583,85.3267156,,,44617,Kathmandu-11,,Kathmandu,Kathmandu,Bagmati Province,Nepal,np,© OpenStreetMap contributors,Open Database License,https://www.openstreetmap.org/copyright
52872336,271,2019-12-10 13:21:07,27.69185,85.32715166666667,0.01,108.14012937703922,"Bhaktithapa Road 135/27, Bansh Ghari, Kathmandu 44617, Nepal",27.692791,85.32742905366872,135/27,Bhaktithapa Road,44617,Kathmandu-11,Bansh Ghari,Kathmandu,Kathmandu,Bagmati Province,Nepal,np,© OpenStreetMap contributors,Open Database License,https://www.openstreetmap.org/copyright
52872860,271,2019-12-10 13:21:37,27.69184,85.32713166666667,0.01,109.72537895606776,"Bhaktithapa Road 135/27, Bansh Ghari, Kathmandu 44617, Nepal",27.692791,85.32742905366872,135/27,Bhaktithapa Road,44617,Kathmandu-11,Bansh Ghari,Kathmandu,Kathmandu,Bagmati Province,Nepal,np,© OpenStreetMap contributors,Open Database License,https://www.openstreetmap.org/copyright
52873378,271,2019-12-10 13:22:07,27.691845,85.32716333333333,0.01,108.39520884521455,"Bhaktithapa Road 135/27, Bansh Ghari, Kathmandu 44617, Nepal",27.692791,85.32742905366872,135/27,Bhaktithapa Road,44617,Kathmandu-11,Bansh Ghari,Kathmandu,Kathmandu,Bagmati Province,Nepal,np,© OpenStreetMap contributors,Open Database License,https://www.openstreetmap.org/copyright
52873880,271,2019-12-10 13:22:37,27.691811666666663,85.32715,0.0,112.30962541061899,"Bhaktithapa Road 135/27, Bansh Ghari, Kathmandu 44617, Nepal",27.692791,85.32742905366872,135/27,Bhaktithapa Road,44617,Kathmandu-11,Bansh Ghari,Kathmandu,Kathmandu,Bagmati Province,Nepal,np,© OpenStreetMap contributors,Open Database License,https://www.openstreetmap.org/copyright
52874373,271,2019-12-10 13:23:06,27.69181833333333,85.32715,0.0,111.59099676730634,"Bhaktithapa Road 135/27, Bansh Ghari, Kathmandu 44617, Nepal",27.692791,85.32742905366872,135/27,Bhaktithapa Road,44617,Kathmandu-11,Bansh Ghari,Kathmandu,Kathmandu,Bagmati Province,Nepal,np,© OpenStreetMap contributors,Open Database License,https://www.openstreetmap.org/copyright
52874876,271,2019-12-10 13:23:36,27.691821666666662,85.327165,0.03,110.8762299952278,"Bhaktithapa Road 135/27, Bansh Ghari, Kathmandu 44617, Nepal",27.692791,85.32742905366872,135/27,Bhaktithapa Road,44617,Kathmandu-11,Bansh Ghari,Kathmandu,Kathmandu,Bagmati Province,Nepal,np,© OpenStreetMap contributors,Open Database License,https://www.openstreetmap.org/copyright
52875375,271,2019-12-10 13:24:06,27.691836666666667,85.32714833333333,0.02,109.65757076314243,"Bhaktithapa Road 135/27, Bansh Ghari, Kathmandu 44617, Nepal",27.692791,85.32742905366872,135/27,Bhaktithapa Road,44617,Kathmandu-11,Bansh Ghari,Kathmandu,Kathmandu,Bagmati Province,Nepal,np,© OpenStreetMap contributors,Open Database License,https://www.openstreetmap.org/copyright
52875960,271,2019-12-10 13:24:40,27.691835,85.32715666666667,0.02,109.6333319387931,"Bhaktithapa Road 135/27, Bansh Ghari, Kathmandu 44617, Nepal",27.692791,85.32742905366872,135/27,Bhaktithapa Road,44617,Kathmandu-11,Bansh Ghari,Kathmandu,Kathmandu,Bagmati Province,Nepal,np,© OpenStreetMap contributors,Open Database License,https://www.openstreetmap.org/copyright
52876392,271,2019-12-10 13:25:05,27.69184,85.32716333333333,0.01,108.93482984125563,"Bhaktithapa Road 135/27, Bansh Ghari, Kathmandu 44617, Nepal",27.692791,85.32742905366872,135/27,Bhaktithapa Road,44617,Kathmandu-11,Bansh Ghari,Kathmandu,Kathmandu,Bagmati Province,Nepal,np,© OpenStreetMap contributors,Open Database License,https://www.openstreetmap.org/copyright
52876920,271,2019-12-10 13:25:35,27.69185,85.32713833333334,0.02,108.47911177177883,"Bhaktithapa Road 135/27, Bansh Ghari, Kathmandu 44617, Nepal",27.692791,85.32742905366872,135/27,Bhaktithapa Road,44617,Kathmandu-11,Bansh Ghari,Kathmandu,Kathmandu,Bagmati Province,Nepal,np,© OpenStreetMap contributors,Open Database License,https://www.openstreetmap.org/copyright
52877416,271,2019-12-10 13:26:05,27.691856666666663,85.32711166666667,0.07,108.4911810456735,"Bhaktithapa Road 135/27, Bansh Ghari, Kathmandu 44617, Nepal",27.692791,85.32742905366872,135/27,Bhaktithapa Road,44617,Kathmandu-11,Bansh Ghari,Kathmandu,Kathmandu,Bagmati Province,Nepal,np,© OpenStreetMap contributors,Open Database License,https://www.openstreetmap.org/copyright
52877914,271,2019-12-10 13:26:35,27.691826666666667,85.327025,0.01,114.37101337981044,"Bhaktithapa Road 135/27, Bansh Ghari, Kathmandu 44617, Nepal",27.692791,85.32742905366872,135/27,Bhaktithapa Road,44617,Kathmandu-11,Bansh Ghari,Kathmandu,Kathmandu,Bagmati Province,Nepal,np,© OpenStreetMap contributors,Open Database License,https://www.openstreetmap.org/copyright
52878402,271,2019-12-10 13:27:05,27.691803333333333,85.32697166666667,0.04,20.8513520989821,"Kathmandu, Kathmandu 44617, Nepal",27.6916865,85.3267644,,,44617,Kathmandu-11,,Kathmandu,Kathmandu,Bagmati Province,Nepal,np,© OpenStreetMap contributors,Open Database License,https://www.openstreetmap.org/copyright
52878890,271,2019-12-10 13:27:34,27.691825,85.32699333333333,0.04,23.967218965016755,"Kathmandu, Kathmandu 44617, Nepal",27.6916865,85.3267644,,,44617,Kathmandu-11,,Kathmandu,Kathmandu,Bagmati Province,Nepal,np,© OpenStreetMap contributors,Open Database License,https://www.openstreetmap.org/copyright
52879402,271,2019-12-10 13:28:04,27.691825,85.32703,0.0,114.3747383435401,"Bhaktithapa Road 135/27, Bansh Ghari, Kathmandu 44617, Nepal",27.692791,85.32742905366872,135/27,Bhaktithapa Road,44617,Kathmandu-11,Bansh Ghari,Kathmandu,Kathmandu,Bagmati Province,Nepal,np,© OpenStreetMap contributors,Open Database License,https://www.openstreetmap.org/copyright
52879893,271,2019-12-10 13:28:34,27.691835,85.327045,0.05,112.8275928931381,"Bhaktithapa Road 135/27, Bansh Ghari, Kathmandu 44617, Nepal",27.692791,85.32742905366872,135/27,Bhaktithapa Road,44617,Kathmandu-11,Bansh Ghari,Kathmandu,Kathmandu,Bagmati Province,Nepal,np,© OpenStreetMap contributors,Open Database License,https://www.openstreetmap.org/copyright
52880400,271,2019-12-10 13:29:04,27.69182,85.32706,0.06,113.9207946497764,"Bhaktithapa Road 135/27, Bansh Ghari, Kathmandu 44617, Nepal",27.692791,85.32742905366872,135/27,Bhaktithapa Road,44617,Kathmandu-11,Bansh Ghari,Kathmandu,Kathmandu,Bagmati Province,Nepal,np,© OpenStreetMap contributors,Open Database License,https://www.openstreetmap.org/copyright
52880892,271,2019-12-10 13:29:33,27.69185166666667,85.32705666666666,0.04,110.6975078143438,"Bhaktithapa Road 135/27, Bansh Ghari, Kathmandu 44617, Nepal",27.692791,85.32742905366872,135/27,Bhaktithapa Road,44617,Kathmandu-11,Bansh Ghari,Kathmandu,Kathmandu,Bagmati Province,Nepal,np,© OpenStreetMap contributors,Open Database License,https://www.openstreetmap.org/copyright
52881411,271,2019-12-10 13:30:03,27.69188,85.32705333333334,0.02,107.84200139464994,"Bhaktithapa Road 135/27, Bansh Ghari, Kathmandu 44617, Nepal",27.692791,85.32742905366872,135/27,Bhaktithapa Road,44617,Kathmandu-11,Bansh Ghari,Kathmandu,Kathmandu,Bagmati Province,Nepal,np,© OpenStreetMap contributors,Open Database License,https://www.openstreetmap.org/copyright
52881908,271,2019-12-10 13:30:33,27.69188,85.327075,0.05,107.12897504265797,"Bhaktithapa Road 135/27, Bansh Ghari, Kathmandu 44617, Nepal",27.692791,85.32742905366872,135/27,Bhaktithapa Road,44617,Kathmandu-11,Bansh Ghari,Kathmandu,Kathmandu,Bagmati Province,Nepal,np,© OpenStreetMap contributors,Open Database License,https://www.openstreetmap.org/copyright
52882394,271,2019-12-10 13:31:03,27.691838333333333,85.327085,0.03,111.21631495320597,"Bhaktithapa Road 135/27, Bansh Ghari, Kathmandu 44617, Nepal",27.692791,85.32742905366872,135/27,Bhaktithapa Road,44617,Kathmandu-11,Bansh Ghari,Kathmandu,Kathmandu,Bagmati Province,Nepal,np,© OpenStreetMap contributors,Open Database License,https://www.openstreetmap.org/copyright
52882885,271,2019-12-10 13:31:33,27.691848333333333,85.32707333333333,0.01,110.51635858623824,"Bhaktithapa Road 135/27, Bansh Ghari, Kathmandu 44617, Nepal",27.692791,85.32742905366872,135/27,Bhaktithapa Road,44617,Kathmandu-11,Bansh Ghari,Kathmandu,Kathmandu,Bagmati Province,Nepal,np,© OpenStreetMap contributors,Open Database License,https://www.openstreetmap.org/copyright
52883387,271,2019-12-10 13:32:02,27.69184333333333,85.327085,0.03,110.68688615310134,"Bhaktithapa Road 135/27, Bansh Ghari, Kathmandu 44617, Nepal",27.692791,85.32742905366872,135/27,Bhaktithapa Road,44617,Kathmandu-11,Bansh Ghari,Kathmandu,Kathmandu,Bagmati Province,Nepal,np,© OpenStreetMap contributors,Open Database License,https://www.openstreetmap.org/copyright
52883879,271,2019-12-10 13:32:32,27.69183333333333,85.32708,0.01,111.896219547142,"Bhaktithapa Road 135/27, Bansh Ghari, Kathmandu 44617, Nepal",27.692791,85.32742905366872,135/27,Bhaktithapa Road,44617,Kathmandu-11,Bansh Ghari,Kathmandu,Kathmandu,Bagmati Province,Nepal,np,© OpenStreetMap contributors,Open Database License,https://www.openstreetmap.org/copyright
52884371,271,2019-12-10 13:33:02,27.691841666666665,85.32709333333334,0.06,110.61538796173848,"Bhaktithapa Road 135/27, Bansh Ghari, Kathmandu 44617, Nepal",27.692791,85.32742905366872,135/27,Bhaktithapa Road,44617,Kathmandu-11,Bansh Ghari,Kathmandu,Kathmandu,Bagmati Province,Nepal,np,© OpenStreetMap contributors,Open Database License,https://www.openstreetmap.org/copyright
52884875,271,2019-12-10 13:33:32,27.691826666666667,85.3271,0.02,112.01660776356489,"Bhaktithapa Road 135/27, Bansh Ghari, Kathmandu 44617, Nepal",27.692791,85.32742905366872,135/27,Bhaktithapa Road,44617,Kathmandu-11,Bansh Ghari,Kathmandu,Kathmandu,Bagmati Province,Nepal,np,© OpenStreetMap contributors,Open Database License,https://www.openstreetmap.org/copyright
52885366,271,2019-12-10 13:34:02,27.691816666666668,85.32712,0.0,112.5331377782907,"Bhaktithapa Road 135/27, Bansh Ghari, Kathmandu 44617, Nepal",27.692791,85.32742905366872,135/27,Bhaktithapa Road,44617,Kathmandu-11,Bansh Ghari,Kathmandu,Kathmandu,Bagmati Province,Nepal,np,© OpenStreetMap contributors,Open Database License,https://www.openstreetmap.org/copyright
52885865,271,2019-12-10 13:34:31,27.691815,85.32713833333334,0.07,112.23771086184583,"Bhaktithapa Road 135/27, Bansh Ghari, Kathmandu 44617, Nepal",27.692791,85.32742905366872,135/27,Bhaktithapa Road,44617,Kathmandu-11,Bansh Ghari,Kathmandu,Kathmandu,Bagmati Province,Nepal,np,© OpenStreetMap contributors,Open Database License,https://www.openstreetmap.org/copyright
52886359,271,2019-12-10 13:35:01,27.69181833333333,85.32711833333333,0.02,112.39928075113772,"Bhaktithapa Road 135/27, Bansh Ghari, Kathmandu 44617, Nepal",27.692791,85.32742905366872,135/27,Bhaktithapa Road,44617,Kathmandu-11,Bansh Ghari,Kathmandu,Kathmandu,Bagmati Province,Nepal,np,© OpenStreetMap contributors,Open Database License,https://www.openstreetmap.org/copyright
52886853,271,2019-12-10 13:35:31,27.691835,85.32714,0.03,110.04625393335759,"Bhaktithapa Road 135/27, Bansh Ghari, Kathmandu 44617, Nepal",27.692791,85.32742905366872,135/27,Bhaktithapa Road,44617,Kathmandu-11,Bansh Ghari,Kathmandu,Kathmandu,Bagmati Province,Nepal,np,© OpenStreetMap contributors,Open Database License,https://www.openstreetmap.org/copyright
52887339,271,2019-12-10 13:36:01,27.691846666666667,85.32715333333333,0.01,108.45761493027338,"Bhaktithapa Road 135/27, Bansh Ghari, Kathmandu 44617, Nepal",27.692791,85.32742905366872,135/27,Bhaktithapa Road,44617,Kathmandu-11,Bansh Ghari,Kathmandu,Kathmandu,Bagmati Province,Nepal,np,© OpenStreetMap contributors,Open Database License,https://www.openstreetmap.org/copyright
52887822,271,2019-12-10 13:36:31,27.691828333333333,85.32714166666666,0.05,110.72045145807924,"Bhaktithapa Road 135/27, Bansh Ghari, Kathmandu 44617, Nepal",27.692791,85.32742905366872,135/27,Bhaktithapa Road,44617,Kathmandu-11,Bansh Ghari,Kathmandu,Kathmandu,Bagmati Province,Nepal,np,© OpenStreetMap contributors,Open Database License,https://www.openstreetmap.org/copyright
52888306,271,2019-12-10 13:37:00,27.691835,85.32714166666666,0.09,110.0039299313897,"Bhaktithapa Road 135/27, Bansh Ghari, Kathmandu 44617, Nepal",27.692791,85.32742905366872,135/27,Bhaktithapa Road,44617,Kathmandu-11,Bansh Ghari,Kathmandu,Kathmandu,Bagmati Province,Nepal,np,© OpenStreetMap contributors,Open Database License,https://www.openstreetmap.org/copyright
52888809,271,2019-12-10 13:37:30,27.69184,85.32715166666667,0.01,109.21639562732376,"Bhaktithapa Road 135/27, Bansh Ghari, Kathmandu 44617, Nepal",27.692791,85.32742905366872,135/27,Bhaktithapa Road,44617,Kathmandu-11,Bansh Ghari,Kathmandu,Kathmandu,Bagmati Province,Nepal,np,© OpenStreetMap contributors,Open Database License,https://www.openstreetmap.org/copyright
52889325,271,2019-12-10 13:38:00,27.691816666666668,85.32711333333333,0.0,112.71239665604716,"Bhaktithapa Road 135/27, Bansh Ghari, Kathmandu 44617, Nepal",27.692791,85.32742905366872,135/27,Bhaktithapa Road,44617,Kathmandu-11,Bansh Ghari,Kathmandu,Kathmandu,Bagmati Province,Nepal,np,© OpenStreetMap contributors,Open Database License,https://www.openstreetmap.org/copyright
52889843,271,2019-12-10 13:38:30,27.691825,85.32709166666666,0.02,112.43369975766514,"Bhaktithapa Road 135/27, Bansh Ghari, Kathmandu 44617, Nepal",27.692791,85.32742905366872,135/27,Bhaktithapa Road,44617,Kathmandu-11,Bansh Ghari,Kathmandu,Kathmandu,Bagmati Province,Nepal,np,© OpenStreetMap contributors,Open Database License,https://www.openstreetmap.org/copyright
52890351,271,2019-12-10 13:38:59,27.691828333333333,85.32708166666667,0.07,112.37539817983554,"Bhaktithapa Road 135/27, Bansh Ghari, Kathmandu 44617, Nepal",27.692791,85.32742905366872,135/27,Bhaktithapa Road,44617,Kathmandu-11,Bansh Ghari,Kathmandu,Kathmandu,Bagmati Province,Nepal,np,© OpenStreetMap contributors,Open Database License,https://www.openstreetmap.org/copyright
52890868,271,2019-12-10 13:39:29,27.69181833333333,85.32708333333333,0.1,113.3857273678799,"Bhaktithapa Road 135/27, Bansh Ghari, Kathmandu 44617, Nepal",27.692791,85.32742905366872,135/27,Bhaktithapa Road,44617,Kathmandu-11,Bansh Ghari,Kathmandu,Kathmandu,Bagmati Province,Nepal,np,© OpenStreetMap contributors,Open Database License,https://www.openstreetmap.org/copyright
52891360,271,2019-12-10 13:39:59,27.691838333333333,85.32711,0.02,110.49146520274651,"Bhaktithapa Road 135/27, Bansh Ghari, Kathmandu 44617, Nepal",27.692791,85.32742905366872,135/27,Bhaktithapa Road,44617,Kathmandu-11,Bansh Ghari,Kathmandu,Kathmandu,Bagmati Province,Nepal,np,© OpenStreetMap contributors,Open Database License,https://www.openstreetmap.org/copyright
52891847,271,2019-12-10 13:40:29,27.69179,85.32705666666666,0.07,23.337298142811914,"Kathmandu, Kathmandu 44617, Nepal",27.6916865,85.3267644,,,44617,Kathmandu-11,,Kathmandu,Kathmandu,Bagmati Province,Nepal,np,© OpenStreetMap contributors,Open Database License,https://www.openstreetmap.org/copyright
52892336,271,2019-12-10 13:40:59,27.691805,85.32705333333334,0.03,115.71099996715964,"Bhaktithapa Road 135/27, Bansh Ghari, Kathmandu 44617, Nepal",27.692791,85.32742905366872,135/27,Bhaktithapa Road,44617,Kathmandu-11,Bansh Ghari,Kathmandu,Kathmandu,Bagmati Province,Nepal,np,© OpenStreetMap contributors,Open Database License,https://www.openstreetmap.org/copyright
52892848,271,2019-12-10 13:41:28,27.691795,85.327075,0.08,23.793514039562872,"Kathmandu, Kathmandu 44617, Nepal",27.6923583,85.3267156,,,44617,Kathmandu-11,,Kathmandu,Kathmandu,Bagmati Province,Nepal,np,© OpenStreetMap contributors,Open Database License,https://www.openstreetmap.org/copyright
52893397,271,2019-12-10 13:41:58,27.691821666666662,85.327075,0.15,113.28201515621184,"Bhaktithapa Road 135/27, Bansh Ghari, Kathmandu 44617, Nepal",27.692791,85.32742905366872,135/27,Bhaktithapa Road,44617,Kathmandu-11,Bansh Ghari,Kathmandu,Kathmandu,Bagmati Province,Nepal,np,© OpenStreetMap contributors,Open Database License,https://www.openstreetmap.org/copyright
52893893,271,2019-12-10 13:42:28,27.691825,85.32702333333333,0.14,114.60187994376926,"Bhaktithapa Road 135/27, Bansh Ghari, Kathmandu 44617, Nepal",27.692791,85.32742905366872,135/27,Bhaktithapa Road,44617,Kathmandu-11,Bansh Ghari,Kathmandu,Kathmandu,Bagmati Province,Nepal,np,© OpenStreetMap contributors,Open Database License,https://www.openstreetmap.org/copyright
52894389,271,2019-12-10 13:42:58,27.691835,85.32704166666667,0.16,112.93800802694295,"Bhaktithapa Road 135/27, Bansh Ghari, Kathmandu 44617, Nepal",27.692791,85.32742905366872,135/27,Bhaktithapa Road,44617,Kathmandu-11,Bansh Ghari,Kathmandu,Kathmandu,Bagmati Province,Nepal,np,© OpenStreetMap contributors,Open Database License,https://www.openstreetmap.org/copyright
52894874,271,2019-12-10 13:43:27,27.691848333333333,85.32708333333333,0.1,110.20829160593442,"Bhaktithapa Road 135/27, Bansh Ghari, Kathmandu 44617, Nepal",27.692791,85.32742905366872,135/27,Bhaktithapa Road,44617,Kathmandu-11,Bansh Ghari,Kathmandu,Kathmandu,Bagmati Province,Nepal,np,© OpenStreetMap contributors,Open Database License,https://www.openstreetmap.org/copyright
52895366,271,2019-12-10 13:43:57,27.691855,85.327105,0.06,108.85923551459699,"Bhaktithapa Road 135/27, Bansh Ghari, Kathmandu 44617, Nepal",27.692791,85.32742905366872,135/27,Bhaktithapa Road,44617,Kathmandu-11,Bansh Ghari,Kathmandu,Kathmandu,Bagmati Province,Nepal,np,© OpenStreetMap contributors,Open Database License,https://www.openstreetmap.org/copyright
52895854,271,2019-12-10 13:44:27,27.69186333333333,85.32712,0.03,107.54648931166427,"Bhaktithapa Road 135/27, Bansh Ghari, Kathmandu 44617, Nepal",27.692791,85.32742905366872,135/27,Bhaktithapa Road,44617,Kathmandu-11,Bansh Ghari,Kathmandu,Kathmandu,Bagmati Province,Nepal,np,© OpenStreetMap contributors,Open Database License,https://www.openstreetmap.org/copyright
52896351,271,2019-12-10 13:44:57,27.69185166666667,85.32711333333333,0.02,108.9767900570471,"Bhaktithapa Road 135/27, Bansh Ghari, Kathmandu 44617, Nepal",27.692791,85.32742905366872,135/27,Bhaktithapa Road,44617,Kathmandu-11,Bansh Ghari,Kathmandu,Kathmandu,Bagmati Province,Nepal,np,© OpenStreetMap contributors,Open Database License,https://www.openstreetmap.org/copyright
52896835,271,2019-12-10 13:45:27,27.69185333333333,85.32712333333333,0.01,108.52197115655484,"Bhaktithapa Road 135/27, Bansh Ghari, Kathmandu 44617, Nepal",27.692791,85.32742905366872,135/27,Bhaktithapa Road,44617,Kathmandu-11,Bansh Ghari,Kathmandu,Kathmandu,Bagmati Province,Nepal,np,© OpenStreetMap contributors,Open Database License,https://www.openstreetmap.org/copyright
52897322,271,2019-12-10 13:45:56,27.69183,85.32712333333333,0.1,111.01705461592485,"Bhaktithapa Road 135/27, Bansh Ghari, Kathmandu 44617, Nepal",27.692791,85.32742905366872,135/27,Bhaktithapa Road,44617,Kathmandu-11,Bansh Ghari,Kathmandu,Kathmandu,Bagmati Province,Nepal,np,© OpenStreetMap contributors,Open Database License,https://www.openstreetmap.org/copyright
52897815,271,2019-12-10 13:46:26,27.69181,85.32711833333333,0.08,113.29120356211334,"Bhaktithapa Road 135/27, Bansh Ghari, Kathmandu 44617, Nepal",27.692791,85.32742905366872,135/27,Bhaktithapa Road,44617,Kathmandu-11,Bansh Ghari,Kathmandu,Kathmandu,Bagmati Province,Nepal,np,© OpenStreetMap contributors,Open Database License,https://www.openstreetmap.org/copyright
52898308,271,2019-12-10 13:46:56,27.691815,85.32713833333334,0.01,112.23771086184583,"Bhaktithapa Road 135/27, Bansh Ghari, Kathmandu 44617, Nepal",27.692791,85.32742905366872,135/27,Bhaktithapa Road,44617,Kathmandu-11,Bansh Ghari,Kathmandu,Kathmandu,Bagmati Province,Nepal,np,© OpenStreetMap contributors,Open Database License,https://www.openstreetmap.org/copyright
52898840,271,2019-12-10 13:47:26,27.691825,85.32717833333334,0.03,110.21450905833144,"Bhaktithapa Road 135/27, Bansh Ghari, Kathmandu 44617, Nepal",27.692791,85.32742905366872,135/27,Bhaktithapa Road,44617,Kathmandu-11,Bansh Ghari,Kathmandu,Kathmandu,Bagmati Province,Nepal,np,© OpenStreetMap contributors,Open Database License,https://www.openstreetmap.org/copyright
52899377,271,2019-12-10 13:47:56,27.691816666666668,85.32717,0.02,111.30293843766019,"Bhaktithapa Road 135/27, Bansh Ghari, Kathmandu 44617, Nepal",27.692791,85.32742905366872,135/27,Bhaktithapa Road,44617,Kathmandu-11,Bansh Ghari,Kathmandu,Kathmandu,Bagmati Province,Nepal,np,© OpenStreetMap contributors,Open Database License,https://www.openstreetmap.org/copyright
52899911,271,2019-12-10 13:48:25,27.691805,85.32716333333333,0.03,18.445661546346248,"Kathmandu, Kathmandu 44617, Nepal",27.6923583,85.3267156,,,44617,Kathmandu-11,,Kathmandu,Kathmandu,Bagmati Province,Nepal,np,© OpenStreetMap contributors,Open Database License,https://www.openstreetmap.org/copyright
52900404,271,2019-12-10 13:48:55,27.691785,85.32716,0.01,20.531373519985024,"Kathmandu, Kathmandu 44617, Nepal",27.6923583,85.3267156,,,44617,Kathmandu-11,,Kathmandu,Kathmandu,Bagmati Province,Nepal,np,© OpenStreetMap contributors,Open Database License,https://www.openstreetmap.org/copyright
52900944,271,2019-12-10 13:49:25,27.691793333333333,85.32716333333333,0.01,19.565740386074186,"Kathmandu, Kathmandu 44617, Nepal",27.6923583,85.3267156,,,44617,Kathmandu-11,,Kathmandu,Kathmandu,Bagmati Province,Nepal,np,© OpenStreetMap contributors,Open Database License,https://www.openstreetmap.org/copyright
52901438,271,2019-12-10 13:49:55,27.69181333333333,85.32718,0.0,16.817721278655043,"Kathmandu, Kathmandu 44617, Nepal",27.6923583,85.3267156,,,44617,Kathmandu-11,,Kathmandu,Kathmandu,Bagmati Province,Nepal,np,© OpenStreetMap contributors,Open Database License,https://www.openstreetmap.org/copyright
52901956,271,2019-12-10 13:50:24,27.69181833333333,85.32720166666667,0.06,15.261438330822129,"Kathmandu, Kathmandu 44617, Nepal",27.6923583,85.3267156,,,44617,Kathmandu-11,,Kathmandu,Kathmandu,Bagmati Province,Nepal,np,© OpenStreetMap contributors,Open Database License,https://www.openstreetmap.org/copyright
52902455,271,2019-12-10 13:50:54,27.69182,85.32720833333333,0.09,110.13574202952927,"Bhaktithapa Road 135/27, Bansh Ghari, Kathmandu 44617, Nepal",27.692791,85.32742905366872,135/27,Bhaktithapa Road,44617,Kathmandu-11,Bansh Ghari,Kathmandu,Kathmandu,Bagmati Province,Nepal,np,© OpenStreetMap contributors,Open Database License,https://www.openstreetmap.org/copyright
52902946,271,2019-12-10 13:51:24,27.691846666666667,85.32719166666666,0.03,107.57500148870051,"Bhaktithapa Road 135/27, Bansh Ghari, Kathmandu 44617, Nepal",27.692791,85.32742905366872,135/27,Bhaktithapa Road,44617,Kathmandu-11,Bansh Ghari,Kathmandu,Kathmandu,Bagmati Province,Nepal,np,© OpenStreetMap contributors,Open Database License,https://www.openstreetmap.org/copyright
52903456,271,2019-12-10 13:51:54,27.691845,85.327175,0.06,108.12370839351841,"Bhaktithapa Road 135/27, Bansh Ghari, Kathmandu 44617, Nepal",27.692791,85.32742905366872,135/27,Bhaktithapa Road,44617,Kathmandu-11,Bansh Ghari,Kathmandu,Kathmandu,Bagmati Province,Nepal,np,© OpenStreetMap contributors,Open Database License,https://www.openstreetmap.org/copyright
52903999,271,2019-12-10 13:52:24,27.69185166666667,85.327165,0.01,107.63621949725217,"Bhaktithapa Road 135/27, Bansh Ghari, Kathmandu 44617, Nepal",27.692791,85.32742905366872,135/27,Bhaktithapa Road,44617,Kathmandu-11,Bansh Ghari,Kathmandu,Kathmandu,Bagmati Province,Nepal,np,© OpenStreetMap contributors,Open Database License,https://www.openstreetmap.org/copyright
52904499,271,2019-12-10 13:52:53,27.691855,85.32716666666667,0.04,107.23693049267887,"Bhaktithapa Road 135/27, Bansh Ghari, Kathmandu 44617, Nepal",27.692791,85.32742905366872,135/27,Bhaktithapa Road,44617,Kathmandu-11,Bansh Ghari,Kathmandu,Kathmandu,Bagmati Province,Nepal,np,© OpenStreetMap contributors,Open Database License,https://www.openstreetmap.org/copyright
52904993,271,2019-12-10 13:53:23,27.691845,85.327155,0.12,108.59616129954865,"Bhaktithapa Road 135/27, Bansh Ghari, Kathmandu 44617, Nepal",27.692791,85.32742905366872,135/27,Bhaktithapa Road,44617,Kathmandu-11,Bansh Ghari,Kathmandu,Kathmandu,Bagmati Province,Nepal,np,© OpenStreetMap contributors,Open Database License,https://www.openstreetmap.org/copyright
52905490,271,2019-12-10 13:53:53,27.691841666666665,85.327165,0.11,108.71557886803461,"Bhaktithapa Road 135/27, Bansh Ghari, Kathmandu 44617, Nepal",27.692791,85.32742905366872,135/27,Bhaktithapa Road,44617,Kathmandu-11,Bansh Ghari,Kathmandu,Kathmandu,Bagmati Province,Nepal,np,© OpenStreetMap contributors,Open Database License,https://www.openstreetmap.org/copyright
52905983,271,2019-12-10 13:54:23,27.69184,85.32715666666667,0.04,109.09433258081455,"Bhaktithapa Road 135/27, Bansh Ghari, Kathmandu 44617, Nepal",27.692791,85.32742905366872,135/27,Bhaktithapa Road,44617,Kathmandu-11,Bansh Ghari,Kathmandu,Kathmandu,Bagmati Province,Nepal,np,© OpenStreetMap contributors,Open Database License,https://www.openstreetmap.org/copyright
52906474,271,2019-12-10 13:54:52,27.69184333333333,85.32711166666667,0.02,109.91177887848198,"Bhaktithapa Road 135/27, Bansh Ghari, Kathmandu 44617, Nepal",27.692791,85.32742905366872,135/27,Bhaktithapa Road,44617,Kathmandu-11,Bansh Ghari,Kathmandu,Kathmandu,Bagmati Province,Nepal,np,© OpenStreetMap contributors,Open Database License,https://www.openstreetmap.org/copyright
52906967,271,2019-12-10 13:55:22,27.691835,85.32706,0.03,112.34124734430017,"Bhaktithapa Road 135/27, Bansh Ghari, Kathmandu 44617, Nepal",27.692791,85.32742905366872,135/27,Bhaktithapa Road,44617,Kathmandu-11,Bansh Ghari,Kathmandu,Kathmandu,Bagmati Province,Nepal,np,© OpenStreetMap contributors,Open Database License,https://www.openstreetmap.org/copyright
52907470,271,2019-12-10 13:55:52,27.69184333333333,85.32700666666666,0.05,113.28546445049851,"Bhaktithapa Road 135/27, Bansh Ghari, Kathmandu 44617, Nepal",27.692791,85.32742905366872,135/27,Bhaktithapa Road,44617,Kathmandu-11,Bansh Ghari,Kathmandu,Kathmandu,Bagmati Province,Nepal,np,© OpenStreetMap contributors,Open Database License,https://www.openstreetmap.org/copyright
52907970,271,2019-12-10 13:56:22,27.691835,85.32697833333333,0.01,115.19355415365791,"Bhaktithapa Road 135/27, Bansh Ghari, Kathmandu 44617, Nepal",27.692791,85.32742905366872,135/27,Bhaktithapa Road,44617,Kathmandu-11,Bansh Ghari,Kathmandu,Kathmandu,Bagmati Province,Nepal,np,© OpenStreetMap contributors,Open Database License,https://www.openstreetmap.org/copyright
52908470,271,2019-12-10 13:56:52,27.691825,85.32698833333333,0.1,23.743317141996165,"Kathmandu, Kathmandu 44617, Nepal",27.6916865,85.3267644,,,44617,Kathmandu-11,,Kathmandu,Kathmandu,Bagmati Province,Nepal,np,© OpenStreetMap contributors,Open Database License,https://www.openstreetmap.org/copyright
52908954,271,2019-12-10 13:57:21,27.691825,85.32700166666666,0.01,24.340388671463113,"Kathmandu, Kathmandu 44617, Nepal",27.6916865,85.3267644,,,44617,Kathmandu-11,,Kathmandu,Kathmandu,Bagmati Province,Nepal,np,© OpenStreetMap contributors,Open Database License,https://www.openstreetmap.org/copyright
52909461,271,2019-12-10 13:57:51,27.691838333333333,85.327015,0.0,113.5055401305698,"Bhaktithapa Road 135/27, Bansh Ghari, Kathmandu 44617, Nepal",27.692791,85.32742905366872,135/27,Bhaktithapa Road,44617,Kathmandu-11,Bansh Ghari,Kathmandu,Kathmandu,Bagmati Province,Nepal,np,© OpenStreetMap contributors,Open Database License,https://www.openstreetmap.org/copyright
52909966,271,2019-12-10 13:58:21,27.691848333333333,85.32705833333333,0.07,110.99323288764137,"Bhaktithapa Road 135/27, Bansh Ghari, Kathmandu 44617, Nepal",27.692791,85.32742905366872,135/27,Bhaktithapa Road,44617,Kathmandu-11,Bansh Ghari,Kathmandu,Kathmandu,Bagmati Province,Nepal,np,© OpenStreetMap contributors,Open Database License,https://www.openstreetmap.org/copyright
52910490,271,2019-12-10 13:58:51,27.69184333333333,85.32708166666667,0.06,110.787768388663,"Bhaktithapa Road 135/27, Bansh Ghari, Kathmandu 44617, Nepal",27.692791,85.32742905366872,135/27,Bhaktithapa Road,44617,Kathmandu-11,Bansh Ghari,Kathmandu,Kathmandu,Bagmati Province,Nepal,np,© OpenStreetMap contributors,Open Database License,https://www.openstreetmap.org/copyright
52910986,271,2019-12-10 13:59:21,27.691838333333333,85.32709833333334,0.02,110.82351513464897,"Bhaktithapa Road 135/27, Bansh Ghari, Kathmandu 44617, Nepal",27.692791,85.32742905366872,135/27,Bhaktithapa Road,44617,Kathmandu-11,Bansh Ghari,Kathmandu,Kathmandu,Bagmati Province,Nepal,np,© OpenStreetMap contributors,Open Database License,https://www.openstreetmap.org/copyright
52911484,271,2019-12-10 13:59:50,27.69184,85.32712333333333,0.01,109.94716931149144,"Bhaktithapa Road 135/27, Bansh Ghari, Kathmandu 44617, Nepal",27.692791,85.32742905366872,135/27,Bhaktithapa Road,44617,Kathmandu-11,Bansh Ghari,Kathmandu,Kathmandu,Bagmati Province,Nepal,np,© OpenStreetMap contributors,Open Database License,https://www.openstreetmap.org/copyright
52911978,271,2019-12-10 14:00:20,27.69185166666667,85.32715666666667,0.05,107.83733775631927,"Bhaktithapa Road 135/27, Bansh Ghari, Kathmandu 44617, Nepal",27.692791,85.32742905366872,135/27,Bhaktithapa Road,44617,Kathmandu-11,Bansh Ghari,Kathmandu,Kathmandu,Bagmati Province,Nepal,np,© OpenStreetMap contributors,Open Database License,https://www.openstreetmap.org/copyright
52912467,271,2019-12-10 14:00:50,27.691845,85.32718333333334,0.02,107.93684596480527,"Bhaktithapa Road 135/27, Bansh Ghari, Kathmandu 44617, Nepal",27.692791,85.32742905366872,135/27,Bhaktithapa Road,44617,Kathmandu-11,Bansh Ghari,Kathmandu,Kathmandu,Bagmati Province,Nepal,np,© OpenStreetMap contributors,Open Database License,https://www.openstreetmap.org/copyright
52912971,271,2019-12-10 14:01:20,27.691836666666667,85.327225,0.0,108.00228623273586,"Bhaktithapa Road 135/27, Bansh Ghari, Kathmandu 44617, Nepal",27.692791,85.32742905366872,135/27,Bhaktithapa Road,44617,Kathmandu-11,Bansh Ghari,Kathmandu,Kathmandu,Bagmati Province,Nepal,np,© OpenStreetMap contributors,Open Database License,https://www.openstreetmap.org/copyright
52913461,271,2019-12-10 14:01:49,27.691841666666665,85.32722166666667,0.04,107.51790981085648,"Bhaktithapa Road 135/27, Bansh Ghari, Kathmandu 44617, Nepal",27.692791,85.32742905366872,135/27,Bhaktithapa Road,44617,Kathmandu-11,Bansh Ghari,Kathmandu,Kathmandu,Bagmati Province,Nepal,np,© OpenStreetMap contributors,Open Database License,https://www.openstreetmap.org/copyright
52913946,271,2019-12-10 14:02:19,27.691821666666662,85.32719,0.03,110.32501853622335,"Bhaktithapa Road 135/27, Bansh Ghari, Kathmandu 44617, Nepal",27.692791,85.32742905366872,135/27,Bhaktithapa Road,44617,Kathmandu-11,Bansh Ghari,Kathmandu,Kathmandu,Bagmati Province,Nepal,np,© OpenStreetMap contributors,Open Database License,https://www.openstreetmap.org/copyright
52914436,271,2019-12-10 14:02:49,27.691826666666667,85.32720166666667,0.04,109.54137999007173,"Bhaktithapa Road 135/27, Bansh Ghari, Kathmandu 44617, Nepal",27.692791,85.32742905366872,135/27,Bhaktithapa Road,44617,Kathmandu-11,Bansh Ghari,Kathmandu,Kathmandu,Bagmati Province,Nepal,np,© OpenStreetMap contributors,Open Database License,https://www.openstreetmap.org/copyright
52914933,271,2019-12-10 14:03:19,27.69180666666667,85.327185,0.03,17.209401109970813,"Kathmandu, Kathmandu 44617, Nepal",27.6923583,85.3267156,,,44617,Kathmandu-11,,Kathmandu,Kathmandu,Bagmati Province,Nepal,np,© OpenStreetMap contributors,Open Database License,https://www.openstreetmap.org/copyright
52915438,271,2019-12-10 14:03:49,27.69182333333333,85.32719,0.09,110.14396704615736,"Bhaktithapa Road 135/27, Bansh Ghari, Kathmandu 44617, Nepal",27.692791,85.32742905366872,135/27,Bhaktithapa Road,44617,Kathmandu-11,Bansh Ghari,Kathmandu,Kathmandu,Bagmati Province,Nepal,np,© OpenStreetMap contributors,Open Database License,https://www.openstreetmap.org/copyright
52915929,271,2019-12-10 14:04:18,27.69183,85.32720833333333,0.02,109.04587322302102,"Bhaktithapa Road 135/27, Bansh Ghari, Kathmandu 44617, Nepal",27.692791,85.32742905366872,135/27,Bhaktithapa Road,44617,Kathmandu-11,Bansh Ghari,Kathmandu,Kathmandu,Bagmati Province,Nepal,np,© OpenStreetMap contributors,Open Database License,https://www.openstreetmap.org/copyright
52916415,271,2019-12-10 14:04:48,27.69183333333333,85.327235,0.02,12.178966119241997,"Kathmandu, Kathmandu 44617, Nepal",27.6923583,85.3267156,,,44617,Kathmandu-11,,Kathmandu,Kathmandu,Bagmati Province,Nepal,np,© OpenStreetMap contributors,Open Database License,https://www.openstreetmap.org/copyright
52916900,271,2019-12-10 14:05:18,27.69180833333333,85.32722333333334,0.01,15.163267999534998,"Kathmandu, Kathmandu 44617, Nepal",27.6923583,85.3267156,,,44617,Kathmandu-11,,Kathmandu,Kathmandu,Bagmati Province,Nepal,np,© OpenStreetMap contributors,Open Database License,https://www.openstreetmap.org/copyright
52917390,271,2019-12-10 14:05:48,27.691826666666667,85.32722833333334,0.02,13.147835885690494,"Kathmandu, Kathmandu 44617, Nepal",27.6923583,85.3267156,,,44617,Kathmandu-11,,Kathmandu,Kathmandu,Bagmati Province,Nepal,np,© OpenStreetMap contributors,Open Database License,https://www.openstreetmap.org/copyright
52917883,271,2019-12-10 14:06:18,27.69185833333333,85.32723333333334,0.03,105.48308985821647,"Bhaktithapa Road 135/27, Bansh Ghari, Kathmandu 44617, Nepal",27.692791,85.32742905366872,135/27,Bhaktithapa Road,44617,Kathmandu-11,Bansh Ghari,Kathmandu,Kathmandu,Bagmati Province,Nepal,np,© OpenStreetMap contributors,Open Database License,https://www.openstreetmap.org/copyright
52918373,271,2019-12-10 14:06:47,27.69184,85.32721333333333,0.0,107.85843384229541,"Bhaktithapa Road 135/27, Bansh Ghari, Kathmandu 44617, Nepal",27.692791,85.32742905366872,135/27,Bhaktithapa Road,44617,Kathmandu-11,Bansh Ghari,Kathmandu,Kathmandu,Bagmati Province,Nepal,np,© OpenStreetMap contributors,Open Database License,https://www.openstreetmap.org/copyright
52918866,271,2019-12-10 14:07:17,27.691821666666662,85.32720166666667,0.01,110.08567831698512,"Bhaktithapa Road 135/27, Bansh Ghari, Kathmandu 44617, Nepal",27.692791,85.32742905366872,135/27,Bhaktithapa Road,44617,Kathmandu-11,Bansh Ghari,Kathmandu,Kathmandu,Bagmati Province,Nepal,np,© OpenStreetMap contributors,Open Database License,https://www.openstreetmap.org/copyright
52919354,271,2019-12-10 14:07:47,27.691795,85.32718833333334,0.02,18.163903136786065,"Kathmandu, Kathmandu 44617, Nepal",27.6923583,85.3267156,,,44617,Kathmandu-11,,Kathmandu,Kathmandu,Bagmati Province,Nepal,np,© OpenStreetMap contributors,Open Database License,https://www.openstreetmap.org/copyright
52919848,271,2019-12-10 14:08:17,27.69179,85.32719166666666,0.04,18.478360131106378,"Kathmandu, Kathmandu 44617, Nepal",27.6923583,85.3267156,,,44617,Kathmandu-11,,Kathmandu,Kathmandu,Bagmati Province,Nepal,np,© OpenStreetMap contributors,Open Database License,https://www.openstreetmap.org/copyright
52920328,271,2019-12-10 14:08:46,27.691776666666662,85.32719,0.03,19.84651971112342,"Kathmandu, Kathmandu 44617, Nepal",27.6923583,85.3267156,,,44617,Kathmandu-11,,Kathmandu,Kathmandu,Bagmati Province,Nepal,np,© OpenStreetMap contributors,Open Database License,https://www.openstreetmap.org/copyright
52920820,271,2019-12-10 14:09:16,27.69179833333333,85.32720833333333,0.02,16.85993265740413,"Kathmandu, Kathmandu 44617, Nepal",27.6923583,85.3267156,,,44617,Kathmandu-11,,Kathmandu,Kathmandu,Bagmati Province,Nepal,np,© OpenStreetMap contributors,Open Database License,https://www.openstreetmap.org/copyright
52921310,271,2019-12-10 14:09:46,27.691816666666668,85.32722166666667,0.02,14.438900607790258,"Kathmandu, Kathmandu 44617, Nepal",27.6923583,85.3267156,,,44617,Kathmandu-11,,Kathmandu,Kathmandu,Bagmati Province,Nepal,np,© OpenStreetMap contributors,Open Database License,https://www.openstreetmap.org/copyright
52921844,271,2019-12-10 14:10:17,27.691821666666662,85.32722333333334,0.0,13.874488220229365,"Kathmandu, Kathmandu 44617, Nepal",27.6923583,85.3267156,,,44617,Kathmandu-11,,Kathmandu,Kathmandu,Bagmati Province,Nepal,np,© OpenStreetMap contributors,Open Database License,https://www.openstreetmap.org/copyright
52922325,271,2019-12-10 14:10:46,27.691835,85.32722833333334,0.04,12.342348560071047,"Kathmandu, Kathmandu 44617, Nepal",27.6923583,85.3267156,,,44617,Kathmandu-11,,Kathmandu,Kathmandu,Bagmati Province,Nepal,np,© OpenStreetMap contributors,Open Database License,https://www.openstreetmap.org/copyright
52922806,271,2019-12-10 14:11:15,27.691841666666665,85.32723,0.0,107.36511138385667,"Bhaktithapa Road 135/27, Bansh Ghari, Kathmandu 44617, Nepal",27.692791,85.32742905366872,135/27,Bhaktithapa Road,44617,Kathmandu-11,Bansh Ghari,Kathmandu,Kathmandu,Bagmati Province,Nepal,np,© OpenStreetMap contributors,Open Database License,https://www.openstreetmap.org/copyright
52923318,271,2019-12-10 14:11:45,27.691831666666666,85.327225,0.03,12.826783440996769,"Kathmandu, Kathmandu 44617, Nepal",27.6923583,85.3267156,,,44617,Kathmandu-11,,Kathmandu,Kathmandu,Bagmati Province,Nepal,np,© OpenStreetMap contributors,Open Database License,https://www.openstreetmap.org/copyright
52923818,271,2019-12-10 14:12:15,27.69182,85.32721333333333,0.01,14.52239638134578,"Kathmandu, Kathmandu 44617, Nepal",27.6923583,85.3267156,,,44617,Kathmandu-11,,Kathmandu,Kathmandu,Bagmati Province,Nepal,np,© OpenStreetMap contributors,Open Database License,https://www.openstreetmap.org/copyright
52924328,271,2019-12-10 14:12:45,27.691826666666667,85.32721,0.03,109.37663730849607,"Bhaktithapa Road 135/27, Bansh Ghari, Kathmandu 44617, Nepal",27.692791,85.32742905366872,135/27,Bhaktithapa Road,44617,Kathmandu-11,Bansh Ghari,Kathmandu,Kathmandu,Bagmati Province,Nepal,np,© OpenStreetMap contributors,Open Database License,https://www.openstreetmap.org/copyright
52924844,271,2019-12-10 14:13:15,27.69181833333333,85.32722,0.02,14.358923113733436,"Kathmandu, Kathmandu 44617, Nepal",27.6923583,85.3267156,,,44617,Kathmandu-11,,Kathmandu,Kathmandu,Bagmati Province,Nepal,np,© OpenStreetMap contributors,Open Database License,https://www.openstreetmap.org/copyright
52925329,271,2019-12-10 14:13:44,27.69179833333333,85.32721166666667,0.06,16.697692704465393,"Kathmandu, Kathmandu 44617, Nepal",27.6923583,85.3267156,,,44617,Kathmandu-11,,Kathmandu,Kathmandu,Bagmati Province,Nepal,np,© OpenStreetMap contributors,Open Database License,https://www.openstreetmap.org/copyright
52925817,271,2019-12-10 14:14:14,27.6918,85.32721,0.01,16.61771520049688,"Kathmandu, Kathmandu 44617, Nepal",27.6923583,85.3267156,,,44617,Kathmandu-11,,Kathmandu,Kathmandu,Bagmati Province,Nepal,np,© OpenStreetMap contributors,Open Database License,https://www.openstreetmap.org/copyright
52926301,271,2019-12-10 14:14:44,27.691835,85.32720833333333,0.11,108.50110686143852,"Bhaktithapa Road 135/27, Bansh Ghari, Kathmandu 44617, Nepal",27.692791,85.32742905366872,135/27,Bhaktithapa Road,44617,Kathmandu-11,Bansh Ghari,Kathmandu,Kathmandu,Bagmati Province,Nepal,np,© OpenStreetMap contributors,Open Database License,https://www.openstreetmap.org/copyright
52926788,271,2019-12-10 14:15:14,27.69186333333333,85.32723,0.01,104.99728437942235,"Bhaktithapa Road 135/27, Bansh Ghari, Kathmandu 44617, Nepal",27.692791,85.32742905366872,135/27,Bhaktithapa Road,44617,Kathmandu-11,Bansh Ghari,Kathmandu,Kathmandu,Bagmati Province,Nepal,np,© OpenStreetMap contributors,Open Database License,https://www.openstreetmap.org/copyright
52927289,271,2019-12-10 14:15:43,27.69187,85.327255,0.01,7.661382390610438,"Kathmandu, Kathmandu 44617, Nepal",27.6923583,85.3267156,,,44617,Kathmandu-11,,Kathmandu,Kathmandu,Bagmati Province,Nepal,np,© OpenStreetMap contributors,Open Database License,https://www.openstreetmap.org/copyright
52927773,271,2019-12-10 14:16:13,27.691855,85.32724,0.03,105.72999393671316,"Bhaktithapa Road 135/27, Bansh Ghari, Kathmandu 44617, Nepal",27.692791,85.32742905366872,135/27,Bhaktithapa Road,44617,Kathmandu-11,Bansh Ghari,Kathmandu,Kathmandu,Bagmati Province,Nepal,np,© OpenStreetMap contributors,Open Database License,https://www.openstreetmap.org/copyright
52928281,271,2019-12-10 14:16:43,27.691816666666668,85.327205,0.02,15.255872782449435,"Kathmandu, Kathmandu 44617, Nepal",27.6923583,85.3267156,,,44617,Kathmandu-11,,Kathmandu,Kathmandu,Bagmati Province,Nepal,np,© OpenStreetMap contributors,Open Database License,https://www.openstreetmap.org/copyright
52928783,271,2019-12-10 14:17:13,27.691811666666663,85.32719833333333,0.05,16.067060144945827,"Kathmandu, Kathmandu 44617, Nepal",27.6923583,85.3267156,,,44617,Kathmandu-11,,Kathmandu,Kathmandu,Bagmati Province,Nepal,np,© OpenStreetMap contributors,Open Database License,https://www.openstreetmap.org/copyright
52929273,271,2019-12-10 14:17:43,27.69183333333333,85.327215,0.06,108.5533392478414,"Bhaktithapa Road 135/27, Bansh Ghari, Kathmandu 44617, Nepal",27.692791,85.32742905366872,135/27,Bhaktithapa Road,44617,Kathmandu-11,Bansh Ghari,Kathmandu,Kathmandu,Bagmati Province,Nepal,np,© OpenStreetMap contributors,Open Database License,https://www.openstreetmap.org/copyright
52929780,271,2019-12-10 14:18:12,27.69183,85.32720166666667,0.03,109.17857981631204,"Bhaktithapa Road 135/27, Bansh Ghari, Kathmandu 44617, Nepal",27.692791,85.32742905366872,135/27,Bhaktithapa Road,44617,Kathmandu-11,Bansh Ghari,Kathmandu,Kathmandu,Bagmati Province,Nepal,np,© OpenStreetMap contributors,Open Database License,https://www.openstreetmap.org/copyright
52930272,271,2019-12-10 14:18:42,27.691836666666667,85.32722,0.02,108.09494548718655,"Bhaktithapa Road 135/27, Bansh Ghari, Kathmandu 44617, Nepal",27.692791,85.32742905366872,135/27,Bhaktithapa Road,44617,Kathmandu-11,Bansh Ghari,Kathmandu,Kathmandu,Bagmati Province,Nepal,np,© OpenStreetMap contributors,Open Database License,https://www.openstreetmap.org/copyright
52930760,271,2019-12-10 14:19:12,27.69185166666667,85.32726,0.05,105.76716104394951,"Bhaktithapa Road 135/27, Bansh Ghari, Kathmandu 44617, Nepal",27.692791,85.32742905366872,135/27,Bhaktithapa Road,44617,Kathmandu-11,Bansh Ghari,Kathmandu,Kathmandu,Bagmati Province,Nepal,np,© OpenStreetMap contributors,Open Database License,https://www.openstreetmap.org/copyright
52931244,271,2019-12-10 14:19:42,27.69186833333333,85.327255,0.04,7.822479838384761,"Kathmandu, Kathmandu 44617, Nepal",27.6923583,85.3267156,,,44617,Kathmandu-11,,Kathmandu,Kathmandu,Bagmati Province,Nepal,np,© OpenStreetMap contributors,Open Database License,https://www.openstreetmap.org/copyright
52931731,271,2019-12-10 14:20:12,27.691861666666668,85.32726,0.04,8.2235097012943,"Kathmandu, Kathmandu 44617, Nepal",27.6923583,85.3267156,,,44617,Kathmandu-11,,Kathmandu,Kathmandu,Bagmati Province,Nepal,np,© OpenStreetMap contributors,Open Database License,https://www.openstreetmap.org/copyright
52932218,271,2019-12-10 14:20:41,27.69183333333333,85.32725833333333,0.03,107.80627711631438,"Bhaktithapa Road 135/27, Bansh Ghari, Kathmandu 44617, Nepal",27.692791,85.32742905366872,135/27,Bhaktithapa Road,44617,Kathmandu-11,Bansh Ghari,Kathmandu,Kathmandu,Bagmati Province,Nepal,np,© OpenStreetMap contributors,Open Database License,https://www.openstreetmap.org/copyright
52932702,271,2019-12-10 14:21:11,27.691861666666668,85.32729166666667,0.05,6.682230116114537,"Kathmandu, Kathmandu 44617, Nepal",27.6923583,85.3267156,,,44617,Kathmandu-11,,Kathmandu,Kathmandu,Bagmati Province,Nepal,np,© OpenStreetMap contributors,Open Database License,https://www.openstreetmap.org/copyright
52933200,271,2019-12-10 14:21:41,27.691866666666662,85.32730666666667,0.01,5.46885795889034,"Kathmandu, Kathmandu 44617, Nepal",27.6923583,85.3267156,,,44617,Kathmandu-11,,Kathmandu,Kathmandu,Bagmati Province,Nepal,np,© OpenStreetMap contributors,Open Database License,https://www.openstreetmap.org/copyright
52933699,271,2019-12-10 14:22:11,27.691871666666668,85.3273,0.01,5.310045543893335,"Kathmandu, Kathmandu 44617, Nepal",27.6923583,85.3267156,,,44617,Kathmandu-11,,Kathmandu,Kathmandu,Bagmati Province,Nepal,np,© OpenStreetMap contributors,Open Database License,https://www.openstreetmap.org/copyright
52934215,271,2019-12-10 14:22:41,27.691828333333333,85.32726833333334,0.1,11.039858953974827,"Kathmandu, Kathmandu 44617, Nepal",27.6923583,85.3267156,,,44617,Kathmandu-11,,Kathmandu,Kathmandu,Bagmati Province,Nepal,np,© OpenStreetMap contributors,Open Database License,https://www.openstreetmap.org/copyright
52934698,271,2019-12-10 14:23:10,27.69177833333333,85.32722333333334,0.06,18.06302267897761,"Kathmandu, Kathmandu 44617, Nepal",27.6923583,85.3267156,,,44617,Kathmandu-11,,Kathmandu,Kathmandu,Bagmati Province,Nepal,np,© OpenStreetMap contributors,Open Database License,https://www.openstreetmap.org/copyright
52935186,271,2019-12-10 14:23:40,27.691765,85.327215,0.0,19.757402506654486,"Kathmandu, Kathmandu 44617, Nepal",27.6923583,85.3267156,,,44617,Kathmandu-11,,Kathmandu,Kathmandu,Bagmati Province,Nepal,np,© OpenStreetMap contributors,Open Database License,https://www.openstreetmap.org/copyright
52935667,271,2019-12-10 14:24:10,27.69185833333333,85.32723666666666,0.01,105.42362708063668,"Bhaktithapa Road 135/27, Bansh Ghari, Kathmandu 44617, Nepal",27.692791,85.32742905366872,135/27,Bhaktithapa Road,44617,Kathmandu-11,Bansh Ghari,Kathmandu,Kathmandu,Bagmati Province,Nepal,np,© OpenStreetMap contributors,Open Database License,https://www.openstreetmap.org/copyright
52936147,271,2019-12-10 14:24:40,27.69187,85.32723333333334,0.02,8.728110325702074,"Kathmandu, Kathmandu 44617, Nepal",27.6923583,85.3267156,,,44617,Kathmandu-11,,Kathmandu,Kathmandu,Bagmati Province,Nepal,np,© OpenStreetMap contributors,Open Database License,https://www.openstreetmap.org/copyright
52936630,271,2019-12-10 14:25:09,27.691848333333333,85.32722,0.02,106.82169074359872,"Bhaktithapa Road 135/27, Bansh Ghari, Kathmandu 44617, Nepal",27.692791,85.32742905366872,135/27,Bhaktithapa Road,44617,Kathmandu-11,Bansh Ghari,Kathmandu,Kathmandu,Bagmati Province,Nepal,np,© OpenStreetMap contributors,Open Database License,https://www.openstreetmap.org/copyright
52937121,271,2019-12-10 14:25:39,27.691825,85.327205,0.03,109.65630470637173,"Bhaktithapa Road 135/27, Bansh Ghari, Kathmandu 44617, Nepal",27.692791,85.32742905366872,135/27,Bhaktithapa Road,44617,Kathmandu-11,Bansh Ghari,Kathmandu,Kathmandu,Bagmati Province,Nepal,np,© OpenStreetMap contributors,Open Database License,https://www.openstreetmap.org/copyright
52937634,271,2019-12-10 14:26:09,27.69181,85.32717,0.03,17.63447417936877,"Kathmandu, Kathmandu 44617, Nepal",27.6923583,85.3267156,,,44617,Kathmandu-11,,Kathmandu,Kathmandu,Bagmati Province,Nepal,np,© OpenStreetMap contributors,Open Database License,https://www.openstreetmap.org/copyright
52938143,271,2019-12-10 14:26:39,27.69177833333333,85.32713666666666,0.02,22.33045617337664,"Kathmandu, Kathmandu 44617, Nepal",27.6923583,85.3267156,,,44617,Kathmandu-11,,Kathmandu,Kathmandu,Bagmati Province,Nepal,np,© OpenStreetMap contributors,Open Database License,https://www.openstreetmap.org/copyright
52938641,271,2019-12-10 14:27:09,27.69178,85.327125,0.01,22.749963672790695,"Kathmandu, Kathmandu 44617, Nepal",27.6923583,85.3267156,,,44617,Kathmandu-11,,Kathmandu,Kathmandu,Bagmati Province,Nepal,np,© OpenStreetMap contributors,Open Database License,https://www.openstreetmap.org/copyright
52939152,271,2019-12-10 14:27:38,27.691791666666667,85.32714166666666,0.05,20.80200081748773,"Kathmandu, Kathmandu 44617, Nepal",27.6923583,85.3267156,,,44617,Kathmandu-11,,Kathmandu,Kathmandu,Bagmati Province,Nepal,np,© OpenStreetMap contributors,Open Database License,https://www.openstreetmap.org/copyright
52939645,271,2019-12-10 14:28:08,27.691841666666665,85.32717666666667,0.0,108.44661863603342,"Bhaktithapa Road 135/27, Bansh Ghari, Kathmandu 44617, Nepal",27.692791,85.32742905366872,135/27,Bhaktithapa Road,44617,Kathmandu-11,Bansh Ghari,Kathmandu,Kathmandu,Bagmati Province,Nepal,np,© OpenStreetMap contributors,Open Database License,https://www.openstreetmap.org/copyright
52940132,271,2019-12-10 14:28:38,27.69179833333333,85.32718,0.01,18.257822609207917,"Kathmandu, Kathmandu 44617, Nepal",27.6923583,85.3267156,,,44617,Kathmandu-11,,Kathmandu,Kathmandu,Bagmati Province,Nepal,np,© OpenStreetMap contributors,Open Database License,https://www.openstreetmap.org/copyright
52940613,271,2019-12-10 14:29:08,27.69181333333333,85.32722,0.08,14.842215530407294,"Kathmandu, Kathmandu 44617, Nepal",27.6923583,85.3267156,,,44617,Kathmandu-11,,Kathmandu,Kathmandu,Bagmati Province,Nepal,np,© OpenStreetMap contributors,Open Database License,https://www.openstreetmap.org/copyright
52941104,271,2019-12-10 14:29:37,27.691821666666662,85.32724,0.02,13.063288451774838,"Kathmandu, Kathmandu 44617, Nepal",27.6923583,85.3267156,,,44617,Kathmandu-11,,Kathmandu,Kathmandu,Bagmati Province,Nepal,np,© OpenStreetMap contributors,Open Database License,https://www.openstreetmap.org/copyright
52941585,271,2019-12-10 14:30:07,27.69180666666667,85.32723666666666,0.1,14.675405656335354,"Kathmandu, Kathmandu 44617, Nepal",27.6923583,85.3267156,,,44617,Kathmandu-11,,Kathmandu,Kathmandu,Bagmati Province,Nepal,np,© OpenStreetMap contributors,Open Database License,https://www.openstreetmap.org/copyright
52942056,271,2019-12-10 14:30:37,27.6918,85.32724166666667,0.07,15.076435629526728,"Kathmandu, Kathmandu 44617, Nepal",27.6923583,85.3267156,,,44617,Kathmandu-11,,Kathmandu,Kathmandu,Bagmati Province,Nepal,np,© OpenStreetMap contributors,Open Database License,https://www.openstreetmap.org/copyright
52942543,271,2019-12-10 14:31:07,27.69182333333333,85.32723833333333,0.12,12.983310961408375,"Kathmandu, Kathmandu 44617, Nepal",27.6923583,85.3267156,,,44617,Kathmandu-11,,Kathmandu,Kathmandu,Bagmati Province,Nepal,np,© OpenStreetMap contributors,Open Database License,https://www.openstreetmap.org/copyright
52943057,271,2019-12-10 14:31:37,27.691815,85.32725666666667,0.24,12.896478549408783,"Kathmandu, Kathmandu 44617, Nepal",27.6923583,85.3267156,,,44617,Kathmandu-11,,Kathmandu,Kathmandu,Bagmati Province,Nepal,np,© OpenStreetMap contributors,Open Database License,https://www.openstreetmap.org/copyright
52943546,271,2019-12-10 14:32:06,27.69187,85.32731166666667,0.15,4.903303127989404,"Kathmandu, Kathmandu 44617, Nepal",27.6923583,85.3267156,,,44617,Kathmandu-11,,Kathmandu,Kathmandu,Bagmati Province,Nepal,np,© OpenStreetMap contributors,Open Database License,https://www.openstreetmap.org/copyright
52944026,271,2019-12-10 14:32:36,27.691845,85.32722666666666,0.04,107.0613090167584,"Bhaktithapa Road 135/27, Bansh Ghari, Kathmandu 44617, Nepal",27.692791,85.32742905366872,135/27,Bhaktithapa Road,44617,Kathmandu-11,Bansh Ghari,Kathmandu,Kathmandu,Bagmati Province,Nepal,np,© OpenStreetMap contributors,Open Database License,https://www.openstreetmap.org/copyright
52944518,271,2019-12-10 14:33:06,27.69184333333333,85.32720833333333,0.06,107.59341775939659,"Bhaktithapa Road 135/27, Bansh Ghari, Kathmandu 44617, Nepal",27.692791,85.32742905366872,135/27,Bhaktithapa Road,44617,Kathmandu-11,Bansh Ghari,Kathmandu,Kathmandu,Bagmati Province,Nepal,np,© OpenStreetMap contributors,Open Database License,https://www.openstreetmap.org/copyright
52944996,271,2019-12-10 14:33:36,27.69181,85.327155,0.05,18.379569753793117,"Kathmandu, Kathmandu 44617, Nepal",27.6923583,85.3267156,,,44617,Kathmandu-11,,Kathmandu,Kathmandu,Bagmati Province,Nepal,np,© OpenStreetMap contributors,Open Database License,https://www.openstreetmap.org/copyright
52945481,271,2019-12-10 14:34:06,27.691825,85.32713166666667,0.02,111.33371308922614,"Bhaktithapa Road 135/27, Bansh Ghari, Kathmandu 44617, Nepal",27.692791,85.32742905366872,135/27,Bhaktithapa Road,44617,Kathmandu-11,Bansh Ghari,Kathmandu,Kathmandu,Bagmati Province,Nepal,np,© OpenStreetMap contributors,Open Database License,https://www.openstreetmap.org/copyright
52945954,271,2019-12-10 14:34:35,27.691786666666665,85.32711833333333,0.04,22.441072165932606,"Kathmandu, Kathmandu 44617, Nepal",27.6923583,85.3267156,,,44617,Kathmandu-11,,Kathmandu,Kathmandu,Bagmati Province,Nepal,np,© OpenStreetMap contributors,Open Database License,https://www.openstreetmap.org/copyright
52946450,271,2019-12-10 14:35:05,27.691803333333333,85.3271,0.01,114.50273088029077,"Bhaktithapa Road 135/27, Bansh Ghari, Kathmandu 44617, Nepal",27.692791,85.32742905366872,135/27,Bhaktithapa Road,44617,Kathmandu-11,Bansh Ghari,Kathmandu,Kathmandu,Bagmati Province,Nepal,np,© OpenStreetMap contributors,Open Database License,https://www.openstreetmap.org/copyright
52946922,271,2019-12-10 14:35:35,27.691786666666665,85.32705666666666,0.06,23.007201875589683,"Kathmandu, Kathmandu 44617, Nepal",27.6916865,85.3267644,,,44617,Kathmandu-11,,Kathmandu,Kathmandu,Bagmati Province,Nepal,np,© OpenStreetMap contributors,Open Database License,https://www.openstreetmap.org/copyright
52947409,271,2019-12-10 14:36:05,27.691811666666663,85.32705333333334,0.01,115.00884758442642,"Bhaktithapa Road 135/27, Bansh Ghari, Kathmandu 44617, Nepal",27.692791,85.32742905366872,135/27,Bhaktithapa Road,44617,Kathmandu-11,Bansh Ghari,Kathmandu,Kathmandu,Bagmati Province,Nepal,np,© OpenStreetMap contributors,Open Database License,https://www.openstreetmap.org/copyright
52947893,271,2019-12-10 14:36:34,27.69182333333333,85.32708666666667,0.06,112.75696521607593,"Bhaktithapa Road 135/27, Bansh Ghari, Kathmandu 44617, Nepal",27.692791,85.32742905366872,135/27,Bhaktithapa Road,44617,Kathmandu-11,Bansh Ghari,Kathmandu,Kathmandu,Bagmati Province,Nepal,np,© OpenStreetMap contributors,Open Database License,https://www.openstreetmap.org/copyright
52948377,271,2019-12-10 14:37:04,27.691791666666667,85.32706333333333,0.04,23.800882056846106,"Kathmandu, Kathmandu 44617, Nepal",27.6916865,85.3267644,,,44617,Kathmandu-11,,Kathmandu,Kathmandu,Bagmati Province,Nepal,np,© OpenStreetMap contributors,Open Database License,https://www.openstreetmap.org/copyright
52948860,271,2019-12-10 14:37:34,27.691805,85.32707666666667,0.02,114.99713758436992,"Bhaktithapa Road 135/27, Bansh Ghari, Kathmandu 44617, Nepal",27.692791,85.32742905366872,135/27,Bhaktithapa Road,44617,Kathmandu-11,Bansh Ghari,Kathmandu,Kathmandu,Bagmati Province,Nepal,np,© OpenStreetMap contributors,Open Database License,https://www.openstreetmap.org/copyright
52949392,271,2019-12-10 14:38:04,27.69185,85.327155,0.05,108.0577096390224,"Bhaktithapa Road 135/27, Bansh Ghari, Kathmandu 44617, Nepal",27.692791,85.32742905366872,135/27,Bhaktithapa Road,44617,Kathmandu-11,Bansh Ghari,Kathmandu,Kathmandu,Bagmati Province,Nepal,np,© OpenStreetMap contributors,Open Database License,https://www.openstreetmap.org/copyright
52949881,271,2019-12-10 14:38:34,27.69185333333333,85.32722166666667,0.05,106.24452838275938,"Bhaktithapa Road 135/27, Bansh Ghari, Kathmandu 44617, Nepal",27.692791,85.32742905366872,135/27,Bhaktithapa Road,44617,Kathmandu-11,Bansh Ghari,Kathmandu,Kathmandu,Bagmati Province,Nepal,np,© OpenStreetMap contributors,Open Database License,https://www.openstreetmap.org/copyright
52950385,271,2019-12-10 14:39:03,27.691848333333333,85.32723333333334,0.11,106.57652170846744,"Bhaktithapa Road 135/27, Bansh Ghari, Kathmandu 44617, Nepal",27.692791,85.32742905366872,135/27,Bhaktithapa Road,44617,Kathmandu-11,Bansh Ghari,Kathmandu,Kathmandu,Bagmati Province,Nepal,np,© OpenStreetMap contributors,Open Database License,https://www.openstreetmap.org/copyright
52950891,271,2019-12-10 14:39:33,27.691846666666667,85.32722,0.04,107.00354894828989,"Bhaktithapa Road 135/27, Bansh Ghari, Kathmandu 44617, Nepal",27.692791,85.32742905366872,135/27,Bhaktithapa Road,44617,Kathmandu-11,Bansh Ghari,Kathmandu,Kathmandu,Bagmati Province,Nepal,np,© OpenStreetMap contributors,Open Database License,https://www.openstreetmap.org/copyright
52951385,271,2019-12-10 14:40:03,27.69186833333333,85.32719166666666,0.03,105.22462848296168,"Bhaktithapa Road 135/27, Bansh Ghari, Kathmandu 44617, Nepal",27.692791,85.32742905366872,135/27,Bhaktithapa Road,44617,Kathmandu-11,Bansh Ghari,Kathmandu,Kathmandu,Bagmati Province,Nepal,np,© OpenStreetMap contributors,Open Database License,https://www.openstreetmap.org/copyright
52951931,271,2019-12-10 14:40:37,27.69187,85.32716166666667,0.03,105.74038290319052,"Bhaktithapa Road 135/27, Bansh Ghari, Kathmandu 44617, Nepal",27.692791,85.32742905366872,135/27,Bhaktithapa Road,44617,Kathmandu-11,Bansh Ghari,Kathmandu,Kathmandu,Bagmati Province,Nepal,np,© OpenStreetMap contributors,Open Database License,https://www.openstreetmap.org/copyright
52952361,271,2019-12-10 14:41:03,27.691838333333333,85.327155,0.06,109.3143697591838,"Bhaktithapa Road 135/27, Bansh Ghari, Kathmandu 44617, Nepal",27.692791,85.32742905366872,135/27,Bhaktithapa Road,44617,Kathmandu-11,Bansh Ghari,Kathmandu,Kathmandu,Bagmati Province,Nepal,np,© OpenStreetMap contributors,Open Database License,https://www.openstreetmap.org/copyright
52952854,271,2019-12-10 14:41:32,27.69184333333333,85.32717,0.0,108.4187714641623,"Bhaktithapa Road 135/27, Bansh Ghari, Kathmandu 44617, Nepal",27.692791,85.32742905366872,135/27,Bhaktithapa Road,44617,Kathmandu-11,Bansh Ghari,Kathmandu,Kathmandu,Bagmati Province,Nepal,np,© OpenStreetMap contributors,Open Database License,https://www.openstreetmap.org/copyright
52953339,271,2019-12-10 14:42:02,27.691848333333333,85.327215,0.03,106.91763990019123,"Bhaktithapa Road 135/27, Bansh Ghari, Kathmandu 44617, Nepal",27.692791,85.32742905366872,135/27,Bhaktithapa Road,44617,Kathmandu-11,Bansh Ghari,Kathmandu,Kathmandu,Bagmati Province,Nepal,np,© OpenStreetMap contributors,Open Database License,https://www.openstreetmap.org/copyright
52953833,271,2019-12-10 14:42:32,27.691911666666662,85.32725,0.01,3.899945932931611,"Kathmandu, Kathmandu 44617, Nepal",27.6923583,85.3267156,,,44617,Kathmandu-11,,Kathmandu,Kathmandu,Bagmati Province,Nepal,np,© OpenStreetMap contributors,Open Database License,https://www.openstreetmap.org/copyright
52954347,271,2019-12-10 14:43:02,27.691921666666666,85.32722833333334,0.01,4.016127877639576,"Kathmandu, Kathmandu 44617, Nepal",27.6923583,85.3267156,,,44617,Kathmandu-11,,Kathmandu,Kathmandu,Bagmati Province,Nepal,np,© OpenStreetMap contributors,Open Database License,https://www.openstreetmap.org/copyright
52954830,271,2019-12-10 14:43:32,27.691901666666663,85.32722333333334,0.01,6.1846275540042965,"Kathmandu, Kathmandu 44617, Nepal",27.6923583,85.3267156,,,44617,Kathmandu-11,,Kathmandu,Kathmandu,Bagmati Province,Nepal,np,© OpenStreetMap contributors,Open Database License,https://www.openstreetmap.org/copyright
52955326,271,2019-12-10 14:44:01,27.69188,85.32720666666667,0.13,9.092657350644188,"Kathmandu, Kathmandu 44617, Nepal",27.6923583,85.3267156,,,44617,Kathmandu-11,,Kathmandu,Kathmandu,Bagmati Province,Nepal,np,© OpenStreetMap contributors,Open Database License,https://www.openstreetmap.org/copyright
52955811,271,2019-12-10 14:44:31,27.69191333333333,85.327215,0.05,5.47849107160592,"Kathmandu, Kathmandu 44617, Nepal",27.6923583,85.3267156,,,44617,Kathmandu-11,,Kathmandu,Kathmandu,Bagmati Province,Nepal,np,© OpenStreetMap contributors,Open Database License,https://www.openstreetmap.org/copyright
52956306,271,2019-12-10 14:45:01,27.69189666666667,85.32720666666667,0.03,7.4925451608452756,"Kathmandu, Kathmandu 44617, Nepal",27.6923583,85.3267156,,,44617,Kathmandu-11,,Kathmandu,Kathmandu,Bagmati Province,Nepal,np,© OpenStreetMap contributors,Open Database License,https://www.openstreetmap.org/copyright
52956801,271,2019-12-10 14:45:31,27.691875,85.32718833333334,0.08,104.57586868898233,"Bhaktithapa Road 135/27, Bansh Ghari, Kathmandu 44617, Nepal",27.692791,85.32742905366872,135/27,Bhaktithapa Road,44617,Kathmandu-11,Bansh Ghari,Kathmandu,Kathmandu,Bagmati Province,Nepal,np,© OpenStreetMap contributors,Open Database License,https://www.openstreetmap.org/copyright
52957350,271,2019-12-10 14:46:05,27.692006666666668,85.32719,0.1,2.240309432887379,"Kathmandu, Kathmandu 44617, Nepal",27.6923583,85.3267156,,,44617,Kathmandu-11,,Kathmandu,Kathmandu,Bagmati Province,Nepal,np,© OpenStreetMap contributors,Open Database License,https://www.openstreetmap.org/copyright
52957777,271,2019-12-10 14:46:30,27.691921666666666,85.327205,0.1,5.175165417733617,"Kathmandu, Kathmandu 44617, Nepal",27.6923583,85.3267156,,,44617,Kathmandu-11,,Kathmandu,Kathmandu,Bagmati Province,Nepal,np,© OpenStreetMap contributors,Open Database License,https://www.openstreetmap.org/copyright
52958263,271,2019-12-10 14:47:00,27.69191333333333,85.32724,0.03,4.236665117135188,"Kathmandu, Kathmandu 44617, Nepal",27.6923583,85.3267156,,,44617,Kathmandu-11,,Kathmandu,Kathmandu,Bagmati Province,Nepal,np,© OpenStreetMap contributors,Open Database License,https://www.openstreetmap.org/copyright
52958751,271,2019-12-10 14:47:30,27.691883333333333,85.32722,0.08,8.11032772762712,"Kathmandu, Kathmandu 44617, Nepal",27.6923583,85.3267156,,,44617,Kathmandu-11,,Kathmandu,Kathmandu,Bagmati Province,Nepal,np,© OpenStreetMap contributors,Open Database License,https://www.openstreetmap.org/copyright
52959254,271,2019-12-10 14:48:00,27.691866666666662,85.32720333333333,0.12,105.15658749482964,"Bhaktithapa Road 135/27, Bansh Ghari, Kathmandu 44617, Nepal",27.692791,85.32742905366872,135/27,Bhaktithapa Road,44617,Kathmandu-11,Bansh Ghari,Kathmandu,Kathmandu,Bagmati Province,Nepal,np,© OpenStreetMap contributors,Open Database License,https://www.openstreetmap.org/copyright
52959754,271,2019-12-10 14:48:29,27.691881666666667,85.32719333333333,0.14,103.74275274224593,"Bhaktithapa Road 135/27, Bansh Ghari, Kathmandu 44617, Nepal",27.692791,85.32742905366872,135/27,Bhaktithapa Road,44617,Kathmandu-11,Bansh Ghari,Kathmandu,Kathmandu,Bagmati Province,Nepal,np,© OpenStreetMap contributors,Open Database License,https://www.openstreetmap.org/copyright
52960264,271,2019-12-10 14:48:59,27.69180666666667,85.32713,0.08,113.34431296172245,"Bhaktithapa Road 135/27, Bansh Ghari, Kathmandu 44617, Nepal",27.692791,85.32742905366872,135/27,Bhaktithapa Road,44617,Kathmandu-11,Bansh Ghari,Kathmandu,Kathmandu,Bagmati Province,Nepal,np,© OpenStreetMap contributors,Open Database License,https://www.openstreetmap.org/copyright
52960749,271,2019-12-10 14:49:29,27.691795,85.32711333333333,0.07,21.889381004292694,"Kathmandu, Kathmandu 44617, Nepal",27.6923583,85.3267156,,,44617,Kathmandu-11,,Kathmandu,Kathmandu,Bagmati Province,Nepal,np,© OpenStreetMap contributors,Open Database License,https://www.openstreetmap.org/copyright
52961241,271,2019-12-10 14:49:59,27.691816666666668,85.32713666666666,0.07,112.10055241380938,"Bhaktithapa Road 135/27, Bansh Ghari, Kathmandu 44617, Nepal",27.692791,85.32742905366872,135/27,Bhaktithapa Road,44617,Kathmandu-11,Bansh Ghari,Kathmandu,Kathmandu,Bagmati Province,Nepal,np,© OpenStreetMap contributors,Open Database License,https://www.openstreetmap.org/copyright
52961733,271,2019-12-10 14:50:28,27.69185,85.327135,0.0,108.56617233824036,"Bhaktithapa Road 135/27, Bansh Ghari, Kathmandu 44617, Nepal",27.692791,85.32742905366872,135/27,Bhaktithapa Road,44617,Kathmandu-11,Bansh Ghari,Kathmandu,Kathmandu,Bagmati Province,Nepal,np,© OpenStreetMap contributors,Open Database License,https://www.openstreetmap.org/copyright
52962219,271,2019-12-10 14:50:58,27.691915,85.327115,0.07,102.19697910342883,"Bhaktithapa Road 135/27, Bansh Ghari, Kathmandu 44617, Nepal",27.692791,85.32742905366872,135/27,Bhaktithapa Road,44617,Kathmandu-11,Bansh Ghari,Kathmandu,Kathmandu,Bagmati Province,Nepal,np,© OpenStreetMap contributors,Open Database License,https://www.openstreetmap.org/copyright
52962709,271,2019-12-10 14:51:28,27.69195833333333,85.32709666666666,0.02,6.939351496210717,"Kathmandu, Kathmandu 44617, Nepal",27.6923583,85.3267156,,,44617,Kathmandu-11,,Kathmandu,Kathmandu,Bagmati Province,Nepal,np,© OpenStreetMap contributors,Open Database License,https://www.openstreetmap.org/copyright
52963198,271,2019-12-10 14:51:58,27.691931666666665,85.32713333333334,0.15,7.7749990539796245,"Kathmandu, Kathmandu 44617, Nepal",27.6923583,85.3267156,,,44617,Kathmandu-11,,Kathmandu,Kathmandu,Bagmati Province,Nepal,np,© OpenStreetMap contributors,Open Database License,https://www.openstreetmap.org/copyright
52963685,271,2019-12-10 14:52:28,27.69190833333333,85.32713333333334,0.04,102.37585734464115,"Bhaktithapa Road 135/27, Bansh Ghari, Kathmandu 44617, Nepal",27.692791,85.32742905366872,135/27,Bhaktithapa Road,44617,Kathmandu-11,Bansh Ghari,Kathmandu,Kathmandu,Bagmati Province,Nepal,np,© OpenStreetMap contributors,Open Database License,https://www.openstreetmap.org/copyright
52964178,271,2019-12-10 14:52:57,27.691895,85.32712333333333,0.08,104.0785641144476,"Bhaktithapa Road 135/27, Bansh Ghari, Kathmandu 44617, Nepal",27.692791,85.32742905366872,135/27,Bhaktithapa Road,44617,Kathmandu-11,Bansh Ghari,Kathmandu,Kathmandu,Bagmati Province,Nepal,np,© OpenStreetMap contributors,Open Database License,https://www.openstreetmap.org/copyright
52964655,271,2019-12-10 14:53:27,27.6919,85.32710333333333,0.01,104.13595089022466,"Bhaktithapa Road 135/27, Bansh Ghari, Kathmandu 44617, Nepal",27.692791,85.32742905366872,135/27,Bhaktithapa Road,44617,Kathmandu-11,Bansh Ghari,Kathmandu,Kathmandu,Bagmati Province,Nepal,np,© OpenStreetMap contributors,Open Database License,https://www.openstreetmap.org/copyright
52965148,271,2019-12-10 14:53:57,27.691893333333333,85.32709833333334,0.02,104.99310501583169,"Bhaktithapa Road 135/27, Bansh Ghari, Kathmandu 44617, Nepal",27.692791,85.32742905366872,135/27,Bhaktithapa Road,44617,Kathmandu-11,Bansh Ghari,Kathmandu,Kathmandu,Bagmati Province,Nepal,np,© OpenStreetMap contributors,Open Database License,https://www.openstreetmap.org/copyright
52965638,271,2019-12-10 14:54:27,27.691855,85.32713833333334,0.03,107.9429398675949,"Bhaktithapa Road 135/27, Bansh Ghari, Kathmandu 44617, Nepal",27.692791,85.32742905366872,135/27,Bhaktithapa Road,44617,Kathmandu-11,Bansh Ghari,Kathmandu,Kathmandu,Bagmati Province,Nepal,np,© OpenStreetMap contributors,Open Database License,https://www.openstreetmap.org/copyright
52966114,271,2019-12-10 14:54:57,27.691836666666667,85.32714833333333,0.05,109.65757076314243,"Bhaktithapa Road 135/27, Bansh Ghari, Kathmandu 44617, Nepal",27.692791,85.32742905366872,135/27,Bhaktithapa Road,44617,Kathmandu-11,Bansh Ghari,Kathmandu,Kathmandu,Bagmati Province,Nepal,np,© OpenStreetMap contributors,Open Database License,https://www.openstreetmap.org/copyright
52966599,271,2019-12-10 14:55:26,27.69185833333333,85.32716,0.04,107.03779006070536,"Bhaktithapa Road 135/27, Bansh Ghari, Kathmandu 44617, Nepal",27.692791,85.32742905366872,135/27,Bhaktithapa Road,44617,Kathmandu-11,Bansh Ghari,Kathmandu,Kathmandu,Bagmati Province,Nepal,np,© OpenStreetMap contributors,Open Database License,https://www.openstreetmap.org/copyright
52967091,271,2019-12-10 14:55:56,27.691883333333333,85.32717,0.13,104.10105881316942,"Bhaktithapa Road 135/27, Bansh Ghari, Kathmandu 44617, Nepal",27.692791,85.32742905366872,135/27,Bhaktithapa Road,44617,Kathmandu-11,Bansh Ghari,Kathmandu,Kathmandu,Bagmati Province,Nepal,np,© OpenStreetMap contributors,Open Database License,https://www.openstreetmap.org/copyright
52967582,271,2019-12-10 14:56:26,27.69190833333333,85.32719333333333,0.06,7.034773836233688,"Kathmandu, Kathmandu 44617, Nepal",27.6923583,85.3267156,,,44617,Kathmandu-11,,Kathmandu,Kathmandu,Bagmati Province,Nepal,np,© OpenStreetMap contributors,Open Database License,https://www.openstreetmap.org/copyright
52968062,271,2019-12-10 14:56:56,27.69187833333333,85.3272,0.03,103.95967790501642,"Bhaktithapa Road 135/27, Bansh Ghari, Kathmandu 44617, Nepal",27.692791,85.32742905366872,135/27,Bhaktithapa Road,44617,Kathmandu-11,Bansh Ghari,Kathmandu,Kathmandu,Bagmati Province,Nepal,np,© OpenStreetMap contributors,Open Database License,https://www.openstreetmap.org/copyright
52968559,271,2019-12-10 14:57:25,27.69187833333333,85.32718666666666,0.17,104.2523389492282,"Bhaktithapa Road 135/27, Bansh Ghari, Kathmandu 44617, Nepal",27.692791,85.32742905366872,135/27,Bhaktithapa Road,44617,Kathmandu-11,Bansh Ghari,Kathmandu,Kathmandu,Bagmati Province,Nepal,np,© OpenStreetMap contributors,Open Database License,https://www.openstreetmap.org/copyright
52969042,271,2019-12-10 14:57:55,27.691876666666666,85.32718666666666,0.03,104.43275165499364,"Bhaktithapa Road 135/27, Bansh Ghari, Kathmandu 44617, Nepal",27.692791,85.32742905366872,135/27,Bhaktithapa Road,44617,Kathmandu-11,Bansh Ghari,Kathmandu,Kathmandu,Bagmati Province,Nepal,np,© OpenStreetMap contributors,Open Database License,https://www.openstreetmap.org/copyright
52969525,271,2019-12-10 14:58:25,27.691873333333334,85.32718,0.09,104.94505651977418,"Bhaktithapa Road 135/27, Bansh Ghari, Kathmandu 44617, Nepal",27.692791,85.32742905366872,135/27,Bhaktithapa Road,44617,Kathmandu-11,Bansh Ghari,Kathmandu,Kathmandu,Bagmati Province,Nepal,np,© OpenStreetMap contributors,Open Database License,https://www.openstreetmap.org/copyright
52970008,271,2019-12-10 14:58:55,27.691865,85.327195,0.03,105.51388730576656,"Bhaktithapa Road 135/27, Bansh Ghari, Kathmandu 44617, Nepal",27.692791,85.32742905366872,135/27,Bhaktithapa Road,44617,Kathmandu-11,Bansh Ghari,Kathmandu,Kathmandu,Bagmati Province,Nepal,np,© OpenStreetMap contributors,Open Database License,https://www.openstreetmap.org/copyright
52970495,271,2019-12-10 14:59:25,27.691803333333333,85.32714,0.02,19.764710360149927,"Kathmandu, Kathmandu 44617, Nepal",27.6923583,85.3267156,,,44617,Kathmandu-11,,Kathmandu,Kathmandu,Bagmati Province,Nepal,np,© OpenStreetMap contributors,Open Database License,https://www.openstreetmap.org/copyright
52970968,271,2019-12-10 14:59:54,27.69178,85.32714,0.03,22.00486810492644,"Kathmandu, Kathmandu 44617, Nepal",27.6923583,85.3267156,,,44617,Kathmandu-11,,Kathmandu,Kathmandu,Bagmati Province,Nepal,np,© OpenStreetMap contributors,Open Database License,https://www.openstreetmap.org/copyright
52971452,271,2019-12-10 15:00:24,27.691831666666666,85.32714666666666,0.08,110.23695852504481,"Bhaktithapa Road 135/27, Bansh Ghari, Kathmandu 44617, Nepal",27.692791,85.32742905366872,135/27,Bhaktithapa Road,44617,Kathmandu-11,Bansh Ghari,Kathmandu,Kathmandu,Bagmati Province,Nepal,np,© OpenStreetMap contributors,Open Database License,https://www.openstreetmap.org/copyright
52971928,271,2019-12-10 15:00:54,27.6919,85.32716,0.03,102.55520305755024,"Bhaktithapa Road 135/27, Bansh Ghari, Kathmandu 44617, Nepal",27.692791,85.32742905366872,135/27,Bhaktithapa Road,44617,Kathmandu-11,Bansh Ghari,Kathmandu,Kathmandu,Bagmati Province,Nepal,np,© OpenStreetMap contributors,Open Database License,https://www.openstreetmap.org/copyright
52972424,271,2019-12-10 15:01:24,27.691881666666667,85.32715333333333,0.08,104.69420159397573,"Bhaktithapa Road 135/27, Bansh Ghari, Kathmandu 44617, Nepal",27.692791,85.32742905366872,135/27,Bhaktithapa Road,44617,Kathmandu-11,Bansh Ghari,Kathmandu,Kathmandu,Bagmati Province,Nepal,np,© OpenStreetMap contributors,Open Database License,https://www.openstreetmap.org/copyright
52972905,271,2019-12-10 15:01:54,27.69183333333333,85.327125,0.11,110.61581064364536,"Bhaktithapa Road 135/27, Bansh Ghari, Kathmandu 44617, Nepal",27.692791,85.32742905366872,135/27,Bhaktithapa Road,44617,Kathmandu-11,Bansh Ghari,Kathmandu,Kathmandu,Bagmati Province,Nepal,np,© OpenStreetMap contributors,Open Database License,https://www.openstreetmap.org/copyright
52973383,271,2019-12-10 15:02:23,27.69181833333333,85.32712166666667,0.02,112.31039625104223,"Bhaktithapa Road 135/27, Bansh Ghari, Kathmandu 44617, Nepal",27.692791,85.32742905366872,135/27,Bhaktithapa Road,44617,Kathmandu-11,Bansh Ghari,Kathmandu,Kathmandu,Bagmati Province,Nepal,np,© OpenStreetMap contributors,Open Database License,https://www.openstreetmap.org/copyright
52973859,271,2019-12-10 15:02:53,27.69168833333333,85.32705833333333,0.02,13.343994829459414,"Kathmandu, Kathmandu 44617, Nepal",27.6916865,85.3267644,,,44617,Kathmandu-11,,Kathmandu,Kathmandu,Bagmati Province,Nepal,np,© OpenStreetMap contributors,Open Database License,https://www.openstreetmap.org/copyright
52974334,271,2019-12-10 15:03:23,27.69176333333333,85.32707166666667,0.06,21.368233458369893,"Kathmandu, Kathmandu 44617, Nepal",27.6916865,85.3267644,,,44617,Kathmandu-11,,Kathmandu,Kathmandu,Bagmati Province,Nepal,np,© OpenStreetMap contributors,Open Database License,https://www.openstreetmap.org/copyright
52974812,271,2019-12-10 15:03:53,27.69174,85.32707666666667,0.07,19.28146124843582,"Kathmandu, Kathmandu 44617, Nepal",27.6916865,85.3267644,,,44617,Kathmandu-11,,Kathmandu,Kathmandu,Bagmati Province,Nepal,np,© OpenStreetMap contributors,Open Database License,https://www.openstreetmap.org/copyright
52975290,271,2019-12-10 15:04:22,27.691795,85.32716666666667,0.03,19.240152324534332,"Kathmandu, Kathmandu 44617, Nepal",27.6923583,85.3267156,,,44617,Kathmandu-11,,Kathmandu,Kathmandu,Bagmati Province,Nepal,np,© OpenStreetMap contributors,Open Database License,https://www.openstreetmap.org/copyright
52975778,271,2019-12-10 15:04:52,27.691831666666666,85.32720333333333,0.02,108.96361212661807,"Bhaktithapa Road 135/27, Bansh Ghari, Kathmandu 44617, Nepal",27.692791,85.32742905366872,135/27,Bhaktithapa Road,44617,Kathmandu-11,Bansh Ghari,Kathmandu,Kathmandu,Bagmati Province,Nepal,np,© OpenStreetMap contributors,Open Database License,https://www.openstreetmap.org/copyright
52976255,271,2019-12-10 15:05:22,27.69178833333333,85.32717833333334,0.03,19.300678596124065,"Kathmandu, Kathmandu 44617, Nepal",27.6923583,85.3267156,,,44617,Kathmandu-11,,Kathmandu,Kathmandu,Bagmati Province,Nepal,np,© OpenStreetMap contributors,Open Database License,https://www.openstreetmap.org/copyright
52976731,271,2019-12-10 15:05:52,27.691803333333333,85.32718333333334,0.03,17.612212026697737,"Kathmandu, Kathmandu 44617, Nepal",27.6923583,85.3267156,,,44617,Kathmandu-11,,Kathmandu,Kathmandu,Bagmati Province,Nepal,np,© OpenStreetMap contributors,Open Database License,https://www.openstreetmap.org/copyright
52977205,271,2019-12-10 15:06:22,27.691803333333333,85.327175,0.03,18.026154020697206,"Kathmandu, Kathmandu 44617, Nepal",27.6923583,85.3267156,,,44617,Kathmandu-11,,Kathmandu,Kathmandu,Bagmati Province,Nepal,np,© OpenStreetMap contributors,Open Database License,https://www.openstreetmap.org/copyright
52977688,271,2019-12-10 15:06:51,27.69185166666667,85.32718333333334,0.06,107.21453535628773,"Bhaktithapa Road 135/27, Bansh Ghari, Kathmandu 44617, Nepal",27.692791,85.32742905366872,135/27,Bhaktithapa Road,44617,Kathmandu-11,Bansh Ghari,Kathmandu,Kathmandu,Bagmati Province,Nepal,np,© OpenStreetMap contributors,Open Database License,https://www.openstreetmap.org/copyright
52978164,271,2019-12-10 15:07:21,27.69186833333333,85.32717,0.07,105.71893705164126,"Bhaktithapa Road 135/27, Bansh Ghari, Kathmandu 44617, Nepal",27.692791,85.32742905366872,135/27,Bhaktithapa Road,44617,Kathmandu-11,Bansh Ghari,Kathmandu,Kathmandu,Bagmati Province,Nepal,np,© OpenStreetMap contributors,Open Database License,https://www.openstreetmap.org/copyright
52978641,271,2019-12-10 15:07:51,27.691871666666668,85.327145,0.06,105.98207017208192,"Bhaktithapa Road 135/27, Bansh Ghari, Kathmandu 44617, Nepal",27.692791,85.32742905366872,135/27,Bhaktithapa Road,44617,Kathmandu-11,Bansh Ghari,Kathmandu,Kathmandu,Bagmati Province,Nepal,np,© OpenStreetMap contributors,Open Database License,https://www.openstreetmap.org/copyright
52979121,271,2019-12-10 15:08:21,27.691866666666662,85.32716166666667,0.11,106.09940180349378,"Bhaktithapa Road 135/27, Bansh Ghari, Kathmandu 44617, Nepal",27.692791,85.32742905366872,135/27,Bhaktithapa Road,44617,Kathmandu-11,Bansh Ghari,Kathmandu,Kathmandu,Bagmati Province,Nepal,np,© OpenStreetMap contributors,Open Database License,https://www.openstreetmap.org/copyright
52979599,271,2019-12-10 15:08:51,27.691816666666668,85.32722666666666,0.29,14.195540679004235,"Kathmandu, Kathmandu 44617, Nepal",27.6923583,85.3267156,,,44617,Kathmandu-11,,Kathmandu,Kathmandu,Bagmati Province,Nepal,np,© OpenStreetMap contributors,Open Database License,https://www.openstreetmap.org/copyright
52980081,271,2019-12-10 15:09:20,27.691825,85.32720166666667,0.03,109.72279975490969,"Bhaktithapa Road 135/27, Bansh Ghari, Kathmandu 44617, Nepal",27.692791,85.32742905366872,135/27,Bhaktithapa Road,44617,Kathmandu-11,Bansh Ghari,Kathmandu,Kathmandu,Bagmati Province,Nepal,np,© OpenStreetMap contributors,Open Database License,https://www.openstreetmap.org/copyright
52980572,271,2019-12-10 15:09:51,27.69184333333333,85.32721,0.08,107.56039340592666,"Bhaktithapa Road 135/27, Bansh Ghari, Kathmandu 44617, Nepal",27.692791,85.32742905366872,135/27,Bhaktithapa Road,44617,Kathmandu-11,Bansh Ghari,Kathmandu,Kathmandu,Bagmati Province,Nepal,np,© OpenStreetMap contributors,Open Database License,https://www.openstreetmap.org/copyright
52981036,271,2019-12-10 15:10:20,27.691835,85.327215,0.1,108.37154636143634,"Bhaktithapa Road 135/27, Bansh Ghari, Kathmandu 44617, Nepal",27.692791,85.32742905366872,135/27,Bhaktithapa Road,44617,Kathmandu-11,Bansh Ghari,Kathmandu,Kathmandu,Bagmati Province,Nepal,np,© OpenStreetMap contributors,Open Database License,https://www.openstreetmap.org/copyright
52981512,271,2019-12-10 15:10:50,27.69183,85.32721166666667,0.06,108.980941865865,"Bhaktithapa Road 135/27, Bansh Ghari, Kathmandu 44617, Nepal",27.692791,85.32742905366872,135/27,Bhaktithapa Road,44617,Kathmandu-11,Bansh Ghari,Kathmandu,Kathmandu,Bagmati Province,Nepal,np,© OpenStreetMap contributors,Open Database License,https://www.openstreetmap.org/copyright
52981992,271,2019-12-10 15:11:19,27.691825,85.327205,0.03,109.65630470637173,"Bhaktithapa Road 135/27, Bansh Ghari, Kathmandu 44617, Nepal",27.692791,85.32742905366872,135/27,Bhaktithapa Road,44617,Kathmandu-11,Bansh Ghari,Kathmandu,Kathmandu,Bagmati Province,Nepal,np,© OpenStreetMap contributors,Open Database License,https://www.openstreetmap.org/copyright
52982469,271,2019-12-10 15:11:49,27.69182333333333,85.32719666666667,0.1,110.00557116897585,"Bhaktithapa Road 135/27, Bansh Ghari, Kathmandu 44617, Nepal",27.692791,85.32742905366872,135/27,Bhaktithapa Road,44617,Kathmandu-11,Bansh Ghari,Kathmandu,Kathmandu,Bagmati Province,Nepal,np,© OpenStreetMap contributors,Open Database License,https://www.openstreetmap.org/copyright
52982948,271,2019-12-10 15:12:19,27.691805,85.32719333333333,0.03,16.955470372057853,"Kathmandu, Kathmandu 44617, Nepal",27.6923583,85.3267156,,,44617,Kathmandu-11,,Kathmandu,Kathmandu,Bagmati Province,Nepal,np,© OpenStreetMap contributors,Open Database License,https://www.openstreetmap.org/copyright
52983421,271,2019-12-10 15:12:49,27.691793333333333,85.32717666666667,0.08,18.90343319722554,"Kathmandu, Kathmandu 44617, Nepal",27.6923583,85.3267156,,,44617,Kathmandu-11,,Kathmandu,Kathmandu,Bagmati Province,Nepal,np,© OpenStreetMap contributors,Open Database License,https://www.openstreetmap.org/copyright
52983897,271,2019-12-10 15:13:19,27.691783333333333,85.32715666666667,0.02,20.85696158668861,"Kathmandu, Kathmandu 44617, Nepal",27.6923583,85.3267156,,,44617,Kathmandu-11,,Kathmandu,Kathmandu,Bagmati Province,Nepal,np,© OpenStreetMap contributors,Open Database License,https://www.openstreetmap.org/copyright
52984369,271,2019-12-10 15:13:48,27.69177833333333,85.32716166666667,0.05,21.08863020636992,"Kathmandu, Kathmandu 44617, Nepal",27.6923583,85.3267156,,,44617,Kathmandu-11,,Kathmandu,Kathmandu,Bagmati Province,Nepal,np,© OpenStreetMap contributors,Open Database License,https://www.openstreetmap.org/copyright
52984844,271,2019-12-10 15:14:18,27.691793333333333,85.32715833333333,0.01,19.814105579467014,"Kathmandu, Kathmandu 44617, Nepal",27.6923583,85.3267156,,,44617,Kathmandu-11,,Kathmandu,Kathmandu,Bagmati Province,Nepal,np,© OpenStreetMap contributors,Open Database License,https://www.openstreetmap.org/copyright
52985321,271,2019-12-10 15:14:48,27.691815,85.32714,0.0,112.19597353542903,"Bhaktithapa Road 135/27, Bansh Ghari, Kathmandu 44617, Nepal",27.692791,85.32742905366872,135/27,Bhaktithapa Road,44617,Kathmandu-11,Bansh Ghari,Kathmandu,Kathmandu,Bagmati Province,Nepal,np,© OpenStreetMap contributors,Open Database License,https://www.openstreetmap.org/copyright
52985795,271,2019-12-10 15:15:18,27.691783333333333,85.32713333333334,0.03,22.01599914656011,"Kathmandu, Kathmandu 44617, Nepal",27.6923583,85.3267156,,,44617,Kathmandu-11,,Kathmandu,Kathmandu,Bagmati Province,Nepal,np,© OpenStreetMap contributors,Open Database License,https://www.openstreetmap.org/copyright
52986267,271,2019-12-10 15:15:47,27.691783333333333,85.32714333333334,0.01,21.51926876651808,"Kathmandu, Kathmandu 44617, Nepal",27.6923583,85.3267156,,,44617,Kathmandu-11,,Kathmandu,Kathmandu,Bagmati Province,Nepal,np,© OpenStreetMap contributors,Open Database License,https://www.openstreetmap.org/copyright
52986758,271,2019-12-10 15:16:17,27.691776666666662,85.32713833333334,0.03,22.407679049763946,"Kathmandu, Kathmandu 44617, Nepal",27.6923583,85.3267156,,,44617,Kathmandu-11,,Kathmandu,Kathmandu,Bagmati Province,Nepal,np,© OpenStreetMap contributors,Open Database License,https://www.openstreetmap.org/copyright
52987242,271,2019-12-10 15:16:47,27.691761666666668,85.327125,0.0,23.591471662165908,"Kathmandu, Kathmandu 44617, Nepal",27.6916865,85.3267644,,,44617,Kathmandu-11,,Kathmandu,Kathmandu,Bagmati Province,Nepal,np,© OpenStreetMap contributors,Open Database License,https://www.openstreetmap.org/copyright
52987726,271,2019-12-10 15:17:17,27.691755,85.32712333333333,0.02,22.856645142108558,"Kathmandu, Kathmandu 44617, Nepal",27.6916865,85.3267644,,,44617,Kathmandu-11,,Kathmandu,Kathmandu,Bagmati Province,Nepal,np,© OpenStreetMap contributors,Open Database License,https://www.openstreetmap.org/copyright
52988215,271,2019-12-10 15:17:47,27.691755,85.32712166666667,0.01,22.782011192841495,"Kathmandu, Kathmandu 44617, Nepal",27.6916865,85.3267644,,,44617,Kathmandu-11,,Kathmandu,Kathmandu,Bagmati Province,Nepal,np,© OpenStreetMap contributors,Open Database License,https://www.openstreetmap.org/copyright
52988712,271,2019-12-10 15:18:16,27.691761666666668,85.32713,0.04,23.81537351160199,"Kathmandu, Kathmandu 44617, Nepal",27.6916865,85.3267644,,,44617,Kathmandu-11,,Kathmandu,Kathmandu,Bagmati Province,Nepal,np,© OpenStreetMap contributors,Open Database License,https://www.openstreetmap.org/copyright
52989199,271,2019-12-10 15:18:46,27.691758333333333,85.32710333333333,0.01,22.291134037838447,"Kathmandu, Kathmandu 44617, Nepal",27.6916865,85.3267644,,,44617,Kathmandu-11,,Kathmandu,Kathmandu,Bagmati Province,Nepal,np,© OpenStreetMap contributors,Open Database License,https://www.openstreetmap.org/copyright
52989676,271,2019-12-10 15:19:16,27.69176333333333,85.32707333333333,0.01,21.44286740525748,"Kathmandu, Kathmandu 44617, Nepal",27.6916865,85.3267644,,,44617,Kathmandu-11,,Kathmandu,Kathmandu,Bagmati Province,Nepal,np,© OpenStreetMap contributors,Open Database License,https://www.openstreetmap.org/copyright
52990163,271,2019-12-10 15:19:46,27.691756666666667,85.327055,0.03,19.96170141750309,"Kathmandu, Kathmandu 44617, Nepal",27.6916865,85.3267644,,,44617,Kathmandu-11,,Kathmandu,Kathmandu,Bagmati Province,Nepal,np,© OpenStreetMap contributors,Open Database License,https://www.openstreetmap.org/copyright
52990640,271,2019-12-10 15:20:16,27.69175,85.32704166666667,0.02,18.70443726320261,"Kathmandu, Kathmandu 44617, Nepal",27.6916865,85.3267644,,,44617,Kathmandu-11,,Kathmandu,Kathmandu,Bagmati Province,Nepal,np,© OpenStreetMap contributors,Open Database License,https://www.openstreetmap.org/copyright
52991125,271,2019-12-10 15:20:45,27.691756666666667,85.32705,0.01,19.737799579325433,"Kathmandu, Kathmandu 44617, Nepal",27.6916865,85.3267644,,,44617,Kathmandu-11,,Kathmandu,Kathmandu,Bagmati Province,Nepal,np,© OpenStreetMap contributors,Open Database License,https://www.openstreetmap.org/copyright
52991612,271,2019-12-10 15:21:15,27.691785,85.327085,0.03,24.11093082785055,"Kathmandu, Kathmandu 44617, Nepal",27.6916865,85.3267644,,,44617,Kathmandu-11,,Kathmandu,Kathmandu,Bagmati Province,Nepal,np,© OpenStreetMap contributors,Open Database License,https://www.openstreetmap.org/copyright
52992091,271,2019-12-10 15:21:45,27.691793333333333,85.32711166666667,0.04,22.132180666368257,"Kathmandu, Kathmandu 44617, Nepal",27.6923583,85.3267156,,,44617,Kathmandu-11,,Kathmandu,Kathmandu,Bagmati Province,Nepal,np,© OpenStreetMap contributors,Open Database License,https://www.openstreetmap.org/copyright
52992594,271,2019-12-10 15:22:15,27.691796666666665,85.32712833333333,0.06,20.98427418504918,"Kathmandu, Kathmandu 44617, Nepal",27.6923583,85.3267156,,,44617,Kathmandu-11,,Kathmandu,Kathmandu,Bagmati Province,Nepal,np,© OpenStreetMap contributors,Open Database License,https://www.openstreetmap.org/copyright
52993103,271,2019-12-10 15:22:44,27.691805,85.32714333333334,0.05,19.439122306523505,"Kathmandu, Kathmandu 44617, Nepal",27.6923583,85.3267156,,,44617,Kathmandu-11,,Kathmandu,Kathmandu,Bagmati Province,Nepal,np,© OpenStreetMap contributors,Open Database License,https://www.openstreetmap.org/copyright
52993603,271,2019-12-10 15:23:14,27.691815,85.327175,0.04,111.37174090190754,"Bhaktithapa Road 135/27, Bansh Ghari, Kathmandu 44617, Nepal",27.692791,85.32742905366872,135/27,Bhaktithapa Road,44617,Kathmandu-11,Bansh Ghari,Kathmandu,Kathmandu,Bagmati Province,Nepal,np,© OpenStreetMap contributors,Open Database License,https://www.openstreetmap.org/copyright
52994159,271,2019-12-10 15:23:44,27.69181,85.32716833333333,0.0,17.71726257701839,"Kathmandu, Kathmandu 44617, Nepal",27.6923583,85.3267156,,,44617,Kathmandu-11,,Kathmandu,Kathmandu,Bagmati Province,Nepal,np,© OpenStreetMap contributors,Open Database License,https://www.openstreetmap.org/copyright
52994711,271,2019-12-10 15:24:14,27.691805,85.32716666666667,0.02,18.28008475035157,"Kathmandu, Kathmandu 44617, Nepal",27.6923583,85.3267156,,,44617,Kathmandu-11,,Kathmandu,Kathmandu,Bagmati Province,Nepal,np,© OpenStreetMap contributors,Open Database License,https://www.openstreetmap.org/copyright
52995220,271,2019-12-10 15:24:44,27.691811666666663,85.32719666666667,0.03,16.149848544124566,"Kathmandu, Kathmandu 44617, Nepal",27.6923583,85.3267156,,,44617,Kathmandu-11,,Kathmandu,Kathmandu,Bagmati Province,Nepal,np,© OpenStreetMap contributors,Open Database License,https://www.openstreetmap.org/copyright
52995733,271,2019-12-10 15:25:13,27.691826666666667,85.327195,0.01,109.67741539549468,"Bhaktithapa Road 135/27, Bansh Ghari, Kathmandu 44617, Nepal",27.692791,85.32742905366872,135/27,Bhaktithapa Road,44617,Kathmandu-11,Bansh Ghari,Kathmandu,Kathmandu,Bagmati Province,Nepal,np,© OpenStreetMap contributors,Open Database License,https://www.openstreetmap.org/copyright
52996218,271,2019-12-10 15:25:43,27.691821666666662,85.32720833333333,0.04,109.95406652127267,"Bhaktithapa Road 135/27, Bansh Ghari, Kathmandu 44617, Nepal",27.692791,85.32742905366872,135/27,Bhaktithapa Road,44617,Kathmandu-11,Bansh Ghari,Kathmandu,Kathmandu,Bagmati Province,Nepal,np,© OpenStreetMap contributors,Open Database License,https://www.openstreetmap.org/copyright
52996692,271,2019-12-10 15:26:13,27.691826666666667,85.32722333333334,0.02,13.39119581487896,"Kathmandu, Kathmandu 44617, Nepal",27.6923583,85.3267156,,,44617,Kathmandu-11,,Kathmandu,Kathmandu,Bagmati Province,Nepal,np,© OpenStreetMap contributors,Open Database License,https://www.openstreetmap.org/copyright
52997191,271,2019-12-10 15:26:43,27.691825,85.32723,0.03,13.227813376834968,"Kathmandu, Kathmandu 44617, Nepal",27.6923583,85.3267156,,,44617,Kathmandu-11,,Kathmandu,Kathmandu,Bagmati Province,Nepal,np,© OpenStreetMap contributors,Open Database License,https://www.openstreetmap.org/copyright
52997697,271,2019-12-10 15:27:13,27.691811666666663,85.32721833333333,0.01,15.08443298028072,"Kathmandu, Kathmandu 44617, Nepal",27.6923583,85.3267156,,,44617,Kathmandu-11,,Kathmandu,Kathmandu,Bagmati Province,Nepal,np,© OpenStreetMap contributors,Open Database License,https://www.openstreetmap.org/copyright
52998185,271,2019-12-10 15:27:42,27.69180666666667,85.32721833333333,0.03,15.567725405473983,"Kathmandu, Kathmandu 44617, Nepal",27.6923583,85.3267156,,,44617,Kathmandu-11,,Kathmandu,Kathmandu,Bagmati Province,Nepal,np,© OpenStreetMap contributors,Open Database License,https://www.openstreetmap.org/copyright
52998700,271,2019-12-10 15:28:12,27.691815,85.32719833333333,0.0,15.747037636043425,"Kathmandu, Kathmandu 44617, Nepal",27.6923583,85.3267156,,,44617,Kathmandu-11,,Kathmandu,Kathmandu,Bagmati Province,Nepal,np,© OpenStreetMap contributors,Open Database License,https://www.openstreetmap.org/copyright
52999201,271,2019-12-10 15:28:42,27.69181,85.32718666666666,0.01,16.80659019588527,"Kathmandu, Kathmandu 44617, Nepal",27.6923583,85.3267156,,,44617,Kathmandu-11,,Kathmandu,Kathmandu,Bagmati Province,Nepal,np,© OpenStreetMap contributors,Open Database License,https://www.openstreetmap.org/copyright
52999694,271,2019-12-10 15:29:12,27.691815,85.32718666666666,0.08,16.326556430173078,"Kathmandu, Kathmandu 44617, Nepal",27.6923583,85.3267156,,,44617,Kathmandu-11,,Kathmandu,Kathmandu,Bagmati Province,Nepal,np,© OpenStreetMap contributors,Open Database License,https://www.openstreetmap.org/copyright
53000193,271,2019-12-10 15:29:41,27.69182,85.32718666666666,0.05,110.57645171440463,"Bhaktithapa Road 135/27, Bansh Ghari, Kathmandu 44617, Nepal",27.692791,85.32742905366872,135/27,Bhaktithapa Road,44617,Kathmandu-11,Bansh Ghari,Kathmandu,Kathmandu,Bagmati Province,Nepal,np,© OpenStreetMap contributors,Open Database License,https://www.openstreetmap.org/copyright
53000678,271,2019-12-10 15:30:11,27.691831666666666,85.32720833333333,0.08,108.86427184305029,"Bhaktithapa Road 135/27, Bansh Ghari, Kathmandu 44617, Nepal",27.692791,85.32742905366872,135/27,Bhaktithapa Road,44617,Kathmandu-11,Bansh Ghari,Kathmandu,Kathmandu,Bagmati Province,Nepal,np,© OpenStreetMap contributors,Open Database License,https://www.openstreetmap.org/copyright
53001159,271,2019-12-10 15:30:41,27.691836666666667,85.32721,0.02,108.28674047911205,"Bhaktithapa Road 135/27, Bansh Ghari, Kathmandu 44617, Nepal",27.692791,85.32742905366872,135/27,Bhaktithapa Road,44617,Kathmandu-11,Bansh Ghari,Kathmandu,Kathmandu,Bagmati Province,Nepal,np,© OpenStreetMap contributors,Open Database License,https://www.openstreetmap.org/copyright
53001636,271,2019-12-10 15:31:11,27.691836666666667,85.32721833333333,0.02,108.12631234322484,"Bhaktithapa Road 135/27, Bansh Ghari, Kathmandu 44617, Nepal",27.692791,85.32742905366872,135/27,Bhaktithapa Road,44617,Kathmandu-11,Bansh Ghari,Kathmandu,Kathmandu,Bagmati Province,Nepal,np,© OpenStreetMap contributors,Open Database License,https://www.openstreetmap.org/copyright
53002112,271,2019-12-10 15:31:41,27.69183333333333,85.32721166666667,0.02,108.61753456558657,"Bhaktithapa Road 135/27, Bansh Ghari, Kathmandu 44617, Nepal",27.692791,85.32742905366872,135/27,Bhaktithapa Road,44617,Kathmandu-11,Bansh Ghari,Kathmandu,Kathmandu,Bagmati Province,Nepal,np,© OpenStreetMap contributors,Open Database License,https://www.openstreetmap.org/copyright
53002594,271,2019-12-10 15:32:10,27.691831666666666,85.32719333333333,0.01,109.16868159973525,"Bhaktithapa Road 135/27, Bansh Ghari, Kathmandu 44617, Nepal",27.692791,85.32742905366872,135/27,Bhaktithapa Road,44617,Kathmandu-11,Bansh Ghari,Kathmandu,Kathmandu,Bagmati Province,Nepal,np,© OpenStreetMap contributors,Open Database License,https://www.openstreetmap.org/copyright
53003091,271,2019-12-10 15:32:40,27.69183,85.32717833333334,0.02,109.67272909281839,"Bhaktithapa Road 135/27, Bansh Ghari, Kathmandu 44617, Nepal",27.692791,85.32742905366872,135/27,Bhaktithapa Road,44617,Kathmandu-11,Bansh Ghari,Kathmandu,Kathmandu,Bagmati Province,Nepal,np,© OpenStreetMap contributors,Open Database License,https://www.openstreetmap.org/copyright
53003573,271,2019-12-10 15:33:10,27.691825,85.32717833333334,0.03,110.21450905833144,"Bhaktithapa Road 135/27, Bansh Ghari, Kathmandu 44617, Nepal",27.692791,85.32742905366872,135/27,Bhaktithapa Road,44617,Kathmandu-11,Bansh Ghari,Kathmandu,Kathmandu,Bagmati Province,Nepal,np,© OpenStreetMap contributors,Open Database License,https://www.openstreetmap.org/copyright
53004052,271,2019-12-10 15:33:40,27.69184,85.32719333333333,0.01,108.26341710827894,"Bhaktithapa Road 135/27, Bansh Ghari, Kathmandu 44617, Nepal",27.692791,85.32742905366872,135/27,Bhaktithapa Road,44617,Kathmandu-11,Bansh Ghari,Kathmandu,Kathmandu,Bagmati Province,Nepal,np,© OpenStreetMap contributors,Open Database License,https://www.openstreetmap.org/copyright
53004532,271,2019-12-10 15:34:10,27.691845,85.32721833333333,0.05,107.21705196980784,"Bhaktithapa Road 135/27, Bansh Ghari, Kathmandu 44617, Nepal",27.692791,85.32742905366872,135/27,Bhaktithapa Road,44617,Kathmandu-11,Bansh Ghari,Kathmandu,Kathmandu,Bagmati Province,Nepal,np,© OpenStreetMap contributors,Open Database License,https://www.openstreetmap.org/copyright
53005013,271,2019-12-10 15:34:39,27.69181833333333,85.32716666666667,0.03,111.19834244373598,"Bhaktithapa Road 135/27, Bansh Ghari, Kathmandu 44617, Nepal",27.692791,85.32742905366872,135/27,Bhaktithapa Road,44617,Kathmandu-11,Bansh Ghari,Kathmandu,Kathmandu,Bagmati Province,Nepal,np,© OpenStreetMap contributors,Open Database License,https://www.openstreetmap.org/copyright
53005491,271,2019-12-10 15:35:09,27.691821666666662,85.32717333333333,0.12,110.68671598152177,"Bhaktithapa Road 135/27, Bansh Ghari, Kathmandu 44617, Nepal",27.692791,85.32742905366872,135/27,Bhaktithapa Road,44617,Kathmandu-11,Bansh Ghari,Kathmandu,Kathmandu,Bagmati Province,Nepal,np,© OpenStreetMap contributors,Open Database License,https://www.openstreetmap.org/copyright
53005975,271,2019-12-10 15:35:39,27.691855,85.32718666666666,0.08,106.77964799610524,"Bhaktithapa Road 135/27, Bansh Ghari, Kathmandu 44617, Nepal",27.692791,85.32742905366872,135/27,Bhaktithapa Road,44617,Kathmandu-11,Bansh Ghari,Kathmandu,Kathmandu,Bagmati Province,Nepal,np,© OpenStreetMap contributors,Open Database License,https://www.openstreetmap.org/copyright
53006456,271,2019-12-10 15:36:09,27.69185833333333,85.32721833333333,0.06,105.76286236108805,"Bhaktithapa Road 135/27, Bansh Ghari, Kathmandu 44617, Nepal",27.692791,85.32742905366872,135/27,Bhaktithapa Road,44617,Kathmandu-11,Bansh Ghari,Kathmandu,Kathmandu,Bagmati Province,Nepal,np,© OpenStreetMap contributors,Open Database License,https://www.openstreetmap.org/copyright
53006941,271,2019-12-10 15:36:38,27.69187,85.32721666666667,0.08,104.52380745984007,"Bhaktithapa Road 135/27, Bansh Ghari, Kathmandu 44617, Nepal",27.692791,85.32742905366872,135/27,Bhaktithapa Road,44617,Kathmandu-11,Bansh Ghari,Kathmandu,Kathmandu,Bagmati Province,Nepal,np,© OpenStreetMap contributors,Open Database License,https://www.openstreetmap.org/copyright
53007435,271,2019-12-10 15:37:08,27.691855,85.327215,0.04,106.19098423012905,"Bhaktithapa Road 135/27, Bansh Ghari, Kathmandu 44617, Nepal",27.692791,85.32742905366872,135/27,Bhaktithapa Road,44617,Kathmandu-11,Bansh Ghari,Kathmandu,Kathmandu,Bagmati Province,Nepal,np,© OpenStreetMap contributors,Open Database License,https://www.openstreetmap.org/copyright
53007923,271,2019-12-10 15:37:38,27.691835,85.32723833333333,0.06,107.94829521777199,"Bhaktithapa Road 135/27, Bansh Ghari, Kathmandu 44617, Nepal",27.692791,85.32742905366872,135/27,Bhaktithapa Road,44617,Kathmandu-11,Bansh Ghari,Kathmandu,Kathmandu,Bagmati Province,Nepal,np,© OpenStreetMap contributors,Open Database License,https://www.openstreetmap.org/copyright
53008412,271,2019-12-10 15:38:08,27.69186,85.327255,0.09,8.627967082980252,"Kathmandu, Kathmandu 44617, Nepal",27.6923583,85.3267156,,,44617,Kathmandu-11,,Kathmandu,Kathmandu,Bagmati Province,Nepal,np,© OpenStreetMap contributors,Open Database License,https://www.openstreetmap.org/copyright
53008904,271,2019-12-10 15:38:38,27.691846666666667,85.32732333333334,0.04,6.590827543974333,"Kathmandu, Kathmandu 44617, Nepal",27.6923583,85.3267156,,,44617,Kathmandu-11,,Kathmandu,Kathmandu,Bagmati Province,Nepal,np,© OpenStreetMap contributors,Open Database License,https://www.openstreetmap.org/copyright
53009394,271,2019-12-10 15:39:07,27.691838333333333,85.327325,0.03,7.315194839376253,"Kathmandu, Kathmandu 44617, Nepal",27.6923583,85.3267156,,,44617,Kathmandu-11,,Kathmandu,Kathmandu,Bagmati Province,Nepal,np,© OpenStreetMap contributors,Open Database License,https://www.openstreetmap.org/copyright
53009875,271,2019-12-10 15:39:37,27.69183333333333,85.32727,0.07,107.63315876447682,"Bhaktithapa Road 135/27, Bansh Ghari, Kathmandu 44617, Nepal",27.692791,85.32742905366872,135/27,Bhaktithapa Road,44617,Kathmandu-11,Bansh Ghari,Kathmandu,Kathmandu,Bagmati Province,Nepal,np,© OpenStreetMap contributors,Open Database License,https://www.openstreetmap.org/copyright
53010371,271,2019-12-10 15:40:07,27.69182333333333,85.327285,0.08,10.711951552498158,"Kathmandu, Kathmandu 44617, Nepal",27.6923583,85.3267156,,,44617,Kathmandu-11,,Kathmandu,Kathmandu,Bagmati Province,Nepal,np,© OpenStreetMap contributors,Open Database License,https://www.openstreetmap.org/copyright
53010880,271,2019-12-10 15:40:37,27.691831666666666,85.327265,0.04,107.88911920410231,"Bhaktithapa Road 135/27, Bansh Ghari, Kathmandu 44617, Nepal",27.692791,85.32742905366872,135/27,Bhaktithapa Road,44617,Kathmandu-11,Bansh Ghari,Kathmandu,Kathmandu,Bagmati Province,Nepal,np,© OpenStreetMap contributors,Open Database License,https://www.openstreetmap.org/copyright
53011389,271,2019-12-10 15:41:07,27.691835,85.32726833333334,0.02,107.47384786229142,"Bhaktithapa Road 135/27, Bansh Ghari, Kathmandu 44617, Nepal",27.692791,85.32742905366872,135/27,Bhaktithapa Road,44617,Kathmandu-11,Bansh Ghari,Kathmandu,Kathmandu,Bagmati Province,Nepal,np,© OpenStreetMap contributors,Open Database License,https://www.openstreetmap.org/copyright
53011877,271,2019-12-10 15:41:36,27.691836666666667,85.32727666666666,0.03,107.17260513665495,"Bhaktithapa Road 135/27, Bansh Ghari, Kathmandu 44617, Nepal",27.692791,85.32742905366872,135/27,Bhaktithapa Road,44617,Kathmandu-11,Bansh Ghari,Kathmandu,Kathmandu,Bagmati Province,Nepal,np,© OpenStreetMap contributors,Open Database License,https://www.openstreetmap.org/copyright
53012383,271,2019-12-10 15:42:06,27.69185333333333,85.32723333333334,0.02,106.02975763487125,"Bhaktithapa Road 135/27, Bansh Ghari, Kathmandu 44617, Nepal",27.692791,85.32742905366872,135/27,Bhaktithapa Road,44617,Kathmandu-11,Bansh Ghari,Kathmandu,Kathmandu,Bagmati Province,Nepal,np,© OpenStreetMap contributors,Open Database License,https://www.openstreetmap.org/copyright
53012869,271,2019-12-10 15:42:36,27.691848333333333,85.32723333333334,0.02,106.57652170846744,"Bhaktithapa Road 135/27, Bansh Ghari, Kathmandu 44617, Nepal",27.692791,85.32742905366872,135/27,Bhaktithapa Road,44617,Kathmandu-11,Bansh Ghari,Kathmandu,Kathmandu,Bagmati Province,Nepal,np,© OpenStreetMap contributors,Open Database License,https://www.openstreetmap.org/copyright
53013400,271,2019-12-10 15:43:06,27.691831666666666,85.32727833333334,0.08,107.70040044938872,"Bhaktithapa Road 135/27, Bansh Ghari, Kathmandu 44617, Nepal",27.692791,85.32742905366872,135/27,Bhaktithapa Road,44617,Kathmandu-11,Bansh Ghari,Kathmandu,Kathmandu,Bagmati Province,Nepal,np,© OpenStreetMap contributors,Open Database License,https://www.openstreetmap.org/copyright
53013962,271,2019-12-10 15:43:35,27.69183333333333,85.32726666666667,0.01,107.6813992066824,"Bhaktithapa Road 135/27, Bansh Ghari, Kathmandu 44617, Nepal",27.692791,85.32742905366872,135/27,Bhaktithapa Road,44617,Kathmandu-11,Bansh Ghari,Kathmandu,Kathmandu,Bagmati Province,Nepal,np,© OpenStreetMap contributors,Open Database License,https://www.openstreetmap.org/copyright
53014481,271,2019-12-10 15:44:06,27.69182333333333,85.32721,0.01,109.74003458468059,"Bhaktithapa Road 135/27, Bansh Ghari, Kathmandu 44617, Nepal",27.692791,85.32742905366872,135/27,Bhaktithapa Road,44617,Kathmandu-11,Bansh Ghari,Kathmandu,Kathmandu,Bagmati Province,Nepal,np,© OpenStreetMap contributors,Open Database License,https://www.openstreetmap.org/copyright
53014951,271,2019-12-10 15:44:35,27.691856666666663,85.32726166666667,0.07,8.625682077076137,"Kathmandu, Kathmandu 44617, Nepal",27.6923583,85.3267156,,,44617,Kathmandu-11,,Kathmandu,Kathmandu,Bagmati Province,Nepal,np,© OpenStreetMap contributors,Open Database License,https://www.openstreetmap.org/copyright
53015446,271,2019-12-10 15:45:05,27.69187833333333,85.327245,0.01,7.348535407585464,"Kathmandu, Kathmandu 44617, Nepal",27.6923583,85.3267156,,,44617,Kathmandu-11,,Kathmandu,Kathmandu,Bagmati Province,Nepal,np,© OpenStreetMap contributors,Open Database License,https://www.openstreetmap.org/copyright
53015929,271,2019-12-10 15:45:35,27.69187833333333,85.32729666666667,0.04,4.827895733497285,"Kathmandu, Kathmandu 44617, Nepal",27.6923583,85.3267156,,,44617,Kathmandu-11,,Kathmandu,Kathmandu,Bagmati Province,Nepal,np,© OpenStreetMap contributors,Open Database License,https://www.openstreetmap.org/copyright
53016426,271,2019-12-10 15:46:04,27.691871666666668,85.32732333333334,0.05,4.174365821213733,"Kathmandu, Kathmandu 44617, Nepal",27.6923583,85.3267156,,,44617,Kathmandu-11,,Kathmandu,Kathmandu,Bagmati Province,Nepal,np,© OpenStreetMap contributors,Open Database License,https://www.openstreetmap.org/copyright
53016912,271,2019-12-10 15:46:34,27.69187833333333,85.32724,0.02,7.596900607475629,"Kathmandu, Kathmandu 44617, Nepal",27.6923583,85.3267156,,,44617,Kathmandu-11,,Kathmandu,Kathmandu,Bagmati Province,Nepal,np,© OpenStreetMap contributors,Open Database License,https://www.openstreetmap.org/copyright
53017390,271,2019-12-10 15:47:04,27.691881666666667,85.32721833333333,0.01,8.353127346558948,"Kathmandu, Kathmandu 44617, Nepal",27.6923583,85.3267156,,,44617,Kathmandu-11,,Kathmandu,Kathmandu,Bagmati Province,Nepal,np,© OpenStreetMap contributors,Open Database License,https://www.openstreetmap.org/copyright
53017890,271,2019-12-10 15:47:34,27.691886666666665,85.32721333333333,0.07,8.121458877776565,"Kathmandu, Kathmandu 44617, Nepal",27.6923583,85.3267156,,,44617,Kathmandu-11,,Kathmandu,Kathmandu,Bagmati Province,Nepal,np,© OpenStreetMap contributors,Open Database License,https://www.openstreetmap.org/copyright
53018375,271,2019-12-10 15:48:04,27.69188,85.32719666666667,0.02,103.85058801724294,"Bhaktithapa Road 135/27, Bansh Ghari, Kathmandu 44617, Nepal",27.692791,85.32742905366872,135/27,Bhaktithapa Road,44617,Kathmandu-11,Bansh Ghari,Kathmandu,Kathmandu,Bagmati Province,Nepal,np,© OpenStreetMap contributors,Open Database License,https://www.openstreetmap.org/copyright
53018850,271,2019-12-10 15:48:33,27.691865,85.32716666666667,0.04,106.15806648719902,"Bhaktithapa Road 135/27, Bansh Ghari, Kathmandu 44617, Nepal",27.692791,85.32742905366872,135/27,Bhaktithapa Road,44617,Kathmandu-11,Bansh Ghari,Kathmandu,Kathmandu,Bagmati Province,Nepal,np,© OpenStreetMap contributors,Open Database License,https://www.openstreetmap.org/copyright
53019338,271,2019-12-10 15:49:03,27.69185333333333,85.32719,0.05,106.88754517971832,"Bhaktithapa Road 135/27, Bansh Ghari, Kathmandu 44617, Nepal",27.692791,85.32742905366872,135/27,Bhaktithapa Road,44617,Kathmandu-11,Bansh Ghari,Kathmandu,Kathmandu,Bagmati Province,Nepal,np,© OpenStreetMap contributors,Open Database License,https://www.openstreetmap.org/copyright
53019825,271,2019-12-10 15:49:33,27.691855,85.32716833333333,0.04,107.19751653673994,"Bhaktithapa Road 135/27, Bansh Ghari, Kathmandu 44617, Nepal",27.692791,85.32742905366872,135/27,Bhaktithapa Road,44617,Kathmandu-11,Bansh Ghari,Kathmandu,Kathmandu,Bagmati Province,Nepal,np,© OpenStreetMap contributors,Open Database License,https://www.openstreetmap.org/copyright
53020298,271,2019-12-10 15:50:03,27.69185166666667,85.32714833333333,0.01,108.04431255876521,"Bhaktithapa Road 135/27, Bansh Ghari, Kathmandu 44617, Nepal",27.692791,85.32742905366872,135/27,Bhaktithapa Road,44617,Kathmandu-11,Bansh Ghari,Kathmandu,Kathmandu,Bagmati Province,Nepal,np,© OpenStreetMap contributors,Open Database License,https://www.openstreetmap.org/copyright
53020790,271,2019-12-10 15:50:32,27.691796666666665,85.32719333333333,0.06,17.755526674864317,"Kathmandu, Kathmandu 44617, Nepal",27.6923583,85.3267156,,,44617,Kathmandu-11,,Kathmandu,Kathmandu,Bagmati Province,Nepal,np,© OpenStreetMap contributors,Open Database License,https://www.openstreetmap.org/copyright
53021287,271,2019-12-10 15:51:02,27.691791666666667,85.32718333333334,0.04,18.732290864696626,"Kathmandu, Kathmandu 44617, Nepal",27.6923583,85.3267156,,,44617,Kathmandu-11,,Kathmandu,Kathmandu,Bagmati Province,Nepal,np,© OpenStreetMap contributors,Open Database License,https://www.openstreetmap.org/copyright
53021783,271,2019-12-10 15:51:32,27.69179833333333,85.327205,0.03,17.022172609224704,"Kathmandu, Kathmandu 44617, Nepal",27.6923583,85.3267156,,,44617,Kathmandu-11,,Kathmandu,Kathmandu,Bagmati Province,Nepal,np,© OpenStreetMap contributors,Open Database License,https://www.openstreetmap.org/copyright
53022271,271,2019-12-10 15:52:02,27.69183333333333,85.32725,0.02,107.93724765608067,"Bhaktithapa Road 135/27, Bansh Ghari, Kathmandu 44617, Nepal",27.692791,85.32742905366872,135/27,Bhaktithapa Road,44617,Kathmandu-11,Bansh Ghari,Kathmandu,Kathmandu,Bagmati Province,Nepal,np,© OpenStreetMap contributors,Open Database License,https://www.openstreetmap.org/copyright
53022751,271,2019-12-10 15:52:32,27.691848333333333,85.32724666666667,0.02,106.34699392719176,"Bhaktithapa Road 135/27, Bansh Ghari, Kathmandu 44617, Nepal",27.692791,85.32742905366872,135/27,Bhaktithapa Road,44617,Kathmandu-11,Bansh Ghari,Kathmandu,Kathmandu,Bagmati Province,Nepal,np,© OpenStreetMap contributors,Open Database License,https://www.openstreetmap.org/copyright
53023236,271,2019-12-10 15:53:02,27.691835,85.32722833333334,0.05,12.342348560071047,"Kathmandu, Kathmandu 44617, Nepal",27.6923583,85.3267156,,,44617,Kathmandu-11,,Kathmandu,Kathmandu,Bagmati Province,Nepal,np,© OpenStreetMap contributors,Open Database License,https://www.openstreetmap.org/copyright
53023719,271,2019-12-10 15:53:31,27.691816666666668,85.32721166666667,0.04,14.925624359236986,"Kathmandu, Kathmandu 44617, Nepal",27.6923583,85.3267156,,,44617,Kathmandu-11,,Kathmandu,Kathmandu,Bagmati Province,Nepal,np,© OpenStreetMap contributors,Open Database License,https://www.openstreetmap.org/copyright
53024201,271,2019-12-10 15:54:01,27.6918,85.32724166666667,0.03,15.076435629526728,"Kathmandu, Kathmandu 44617, Nepal",27.6923583,85.3267156,,,44617,Kathmandu-11,,Kathmandu,Kathmandu,Bagmati Province,Nepal,np,© OpenStreetMap contributors,Open Database License,https://www.openstreetmap.org/copyright
53024682,271,2019-12-10 15:54:31,27.69179833333333,85.32722166666667,0.01,16.210972842668802,"Kathmandu, Kathmandu 44617, Nepal",27.6923583,85.3267156,,,44617,Kathmandu-11,,Kathmandu,Kathmandu,Bagmati Province,Nepal,np,© OpenStreetMap contributors,Open Database License,https://www.openstreetmap.org/copyright
53025172,271,2019-12-10 15:55:01,27.691791666666667,85.32722666666666,0.1,16.612002836349422,"Kathmandu, Kathmandu 44617, Nepal",27.6923583,85.3267156,,,44617,Kathmandu-11,,Kathmandu,Kathmandu,Bagmati Province,Nepal,np,© OpenStreetMap contributors,Open Database License,https://www.openstreetmap.org/copyright
53025657,271,2019-12-10 15:55:30,27.69178833333333,85.32722833333334,0.1,16.853077825032955,"Kathmandu, Kathmandu 44617, Nepal",27.6923583,85.3267156,,,44617,Kathmandu-11,,Kathmandu,Kathmandu,Bagmati Province,Nepal,np,© OpenStreetMap contributors,Open Database License,https://www.openstreetmap.org/copyright
53026142,271,2019-12-10 15:56:00,27.691831666666666,85.32722833333334,0.02,12.66454348876197,"Kathmandu, Kathmandu 44617, Nepal",27.6923583,85.3267156,,,44617,Kathmandu-11,,Kathmandu,Kathmandu,Bagmati Province,Nepal,np,© OpenStreetMap contributors,Open Database License,https://www.openstreetmap.org/copyright
53026622,271,2019-12-10 15:56:30,27.691836666666667,85.327275,0.04,107.19570129070402,"Bhaktithapa Road 135/27, Bansh Ghari, Kathmandu 44617, Nepal",27.692791,85.32742905366872,135/27,Bhaktithapa Road,44617,Kathmandu-11,Bansh Ghari,Kathmandu,Kathmandu,Bagmati Province,Nepal,np,© OpenStreetMap contributors,Open Database License,https://www.openstreetmap.org/copyright
53027117,271,2019-12-10 15:57:00,27.69186333333333,85.327265,0.01,7.819052320837655,"Kathmandu, Kathmandu 44617, Nepal",27.6923583,85.3267156,,,44617,Kathmandu-11,,Kathmandu,Kathmandu,Bagmati Province,Nepal,np,© OpenStreetMap contributors,Open Database License,https://www.openstreetmap.org/copyright
53027595,271,2019-12-10 15:57:30,27.69186833333333,85.327255,0.04,7.822479838384761,"Kathmandu, Kathmandu 44617, Nepal",27.6923583,85.3267156,,,44617,Kathmandu-11,,Kathmandu,Kathmandu,Bagmati Province,Nepal,np,© OpenStreetMap contributors,Open Database License,https://www.openstreetmap.org/copyright
53028077,271,2019-12-10 15:57:59,27.691885,85.32727833333334,0.02,5.0758257326366945,"Kathmandu, Kathmandu 44617, Nepal",27.6923583,85.3267156,,,44617,Kathmandu-11,,Kathmandu,Kathmandu,Bagmati Province,Nepal,np,© OpenStreetMap contributors,Open Database License,https://www.openstreetmap.org/copyright
53028571,271,2019-12-10 15:58:29,27.69186833333333,85.32730166666667,0.05,5.551120452762533,"Kathmandu, Kathmandu 44617, Nepal",27.6923583,85.3267156,,,44617,Kathmandu-11,,Kathmandu,Kathmandu,Bagmati Province,Nepal,np,© OpenStreetMap contributors,Open Database License,https://www.openstreetmap.org/copyright
53029048,271,2019-12-10 15:58:59,27.691861666666668,85.32725,0.03,8.710229560646194,"Kathmandu, Kathmandu 44617, Nepal",27.6923583,85.3267156,,,44617,Kathmandu-11,,Kathmandu,Kathmandu,Bagmati Province,Nepal,np,© OpenStreetMap contributors,Open Database License,https://www.openstreetmap.org/copyright
53029539,271,2019-12-10 15:59:29,27.69190833333333,85.32724166666667,0.03,4.633910339384478,"Kathmandu, Kathmandu 44617, Nepal",27.6923583,85.3267156,,,44617,Kathmandu-11,,Kathmandu,Kathmandu,Bagmati Province,Nepal,np,© OpenStreetMap contributors,Open Database License,https://www.openstreetmap.org/copyright
53030025,271,2019-12-10 15:59:59,27.69186333333333,85.32728833333333,0.08,6.683372626797961,"Kathmandu, Kathmandu 44617, Nepal",27.6923583,85.3267156,,,44617,Kathmandu-11,,Kathmandu,Kathmandu,Bagmati Province,Nepal,np,© OpenStreetMap contributors,Open Database License,https://www.openstreetmap.org/copyright
53030504,271,2019-12-10 16:00:28,27.691838333333333,85.32730833333333,0.06,8.12639465991839,"Kathmandu, Kathmandu 44617, Nepal",27.6923583,85.3267156,,,44617,Kathmandu-11,,Kathmandu,Kathmandu,Bagmati Province,Nepal,np,© OpenStreetMap contributors,Open Database License,https://www.openstreetmap.org/copyright
53030989,271,2019-12-10 16:00:58,27.691871666666668,85.32730166666667,0.07,5.228925563954212,"Kathmandu, Kathmandu 44617, Nepal",27.6923583,85.3267156,,,44617,Kathmandu-11,,Kathmandu,Kathmandu,Bagmati Province,Nepal,np,© OpenStreetMap contributors,Open Database License,https://www.openstreetmap.org/copyright
53031468,271,2019-12-10 16:01:28,27.691875,85.32729833333333,0.03,5.0689706373977215,"Kathmandu, Kathmandu 44617, Nepal",27.6923583,85.3267156,,,44617,Kathmandu-11,,Kathmandu,Kathmandu,Bagmati Province,Nepal,np,© OpenStreetMap contributors,Open Database License,https://www.openstreetmap.org/copyright
53031954,271,2019-12-10 16:01:58,27.691838333333333,85.327265,0.03,107.15623094972001,"Bhaktithapa Road 135/27, Bansh Ghari, Kathmandu 44617, Nepal",27.692791,85.32742905366872,135/27,Bhaktithapa Road,44617,Kathmandu-11,Bansh Ghari,Kathmandu,Kathmandu,Bagmati Province,Nepal,np,© OpenStreetMap contributors,Open Database License,https://www.openstreetmap.org/copyright
53032439,271,2019-12-10 16:02:27,27.691838333333333,85.32726333333333,0.06,107.18108930864197,"Bhaktithapa Road 135/27, Bansh Ghari, Kathmandu 44617, Nepal",27.692791,85.32742905366872,135/27,Bhaktithapa Road,44617,Kathmandu-11,Bansh Ghari,Kathmandu,Kathmandu,Bagmati Province,Nepal,np,© OpenStreetMap contributors,Open Database License,https://www.openstreetmap.org/copyright
53032914,271,2019-12-10 16:02:57,27.69184,85.32727166666666,0.01,106.87588487502002,"Bhaktithapa Road 135/27, Bansh Ghari, Kathmandu 44617, Nepal",27.692791,85.32742905366872,135/27,Bhaktithapa Road,44617,Kathmandu-11,Bansh Ghari,Kathmandu,Kathmandu,Bagmati Province,Nepal,np,© OpenStreetMap contributors,Open Database License,https://www.openstreetmap.org/copyright
53033399,271,2019-12-10 16:03:27,27.691835,85.32726833333334,0.04,107.47384786229142,"Bhaktithapa Road 135/27, Bansh Ghari, Kathmandu 44617, Nepal",27.692791,85.32742905366872,135/27,Bhaktithapa Road,44617,Kathmandu-11,Bansh Ghari,Kathmandu,Kathmandu,Bagmati Province,Nepal,np,© OpenStreetMap contributors,Open Database License,https://www.openstreetmap.org/copyright
53033880,271,2019-12-10 16:03:57,27.691841666666665,85.32725333333333,0.02,106.96960016680315,"Bhaktithapa Road 135/27, Bansh Ghari, Kathmandu 44617, Nepal",27.692791,85.32742905366872,135/27,Bhaktithapa Road,44617,Kathmandu-11,Bansh Ghari,Kathmandu,Kathmandu,Bagmati Province,Nepal,np,© OpenStreetMap contributors,Open Database License,https://www.openstreetmap.org/copyright
53034360,271,2019-12-10 16:04:27,27.69184,85.32726333333333,0.04,106.99792792166963,"Bhaktithapa Road 135/27, Bansh Ghari, Kathmandu 44617, Nepal",27.692791,85.32742905366872,135/27,Bhaktithapa Road,44617,Kathmandu-11,Bansh Ghari,Kathmandu,Kathmandu,Bagmati Province,Nepal,np,© OpenStreetMap contributors,Open Database License,https://www.openstreetmap.org/copyright