original_id,original_deviceid,original_servertime,original_latitude,original_longitude,original_speed,distance,formatted,lat,lon,housenumber,street,postcode,district,suburb,city,county,state,country,country_code,attribution,attribution_license,attribution_url
79324199,271,2019-12-28 05:33:05,27.691828333333333,85.32725666666667,0.05,108.38106487732959,"Bhaktithapa Road 135/27, Bansh Ghari, Kathmandu 44617, Nepal",27.692791,85.32742905366872,135/27,Bhaktithapa Road,44617,Kathmandu-11,Bansh Ghari,Kathmandu,Kathmandu,Bagmati Province,Nepal,np,© OpenStreetMap contributors,Open Database License,https://www.openstreetmap.org/copyright
79324683,271,2019-12-28 05:33:35,27.691831666666666,85.32725333333333,0.03,108.0670603625015,"Bhaktithapa Road 135/27, Bansh Ghari, Kathmandu 44617, Nepal",27.692791,85.32742905366872,135/27,Bhaktithapa Road,44617,Kathmandu-11,Bansh Ghari,Kathmandu,Kathmandu,Bagmati Province,Nepal,np,© OpenStreetMap contributors,Open Database License,https://www.openstreetmap.org/copyright
79325167,271,2019-12-28 05:34:04,27.69185333333333,85.32723333333334,0.0,106.02975763487125,"Bhaktithapa Road 135/27, Bansh Ghari, Kathmandu 44617, Nepal",27.692791,85.32742905366872,135/27,Bhaktithapa Road,44617,Kathmandu-11,Bansh Ghari,Kathmandu,Kathmandu,Bagmati Province,Nepal,np,© OpenStreetMap contributors,Open Database License,https://www.openstreetmap.org/copyright
79325673,271,2019-12-28 05:34:34,27.691841666666665,85.32721333333333,0.01,107.67674360345528,"Bhaktithapa Road 135/27, Bansh Ghari, Kathmandu 44617, Nepal",27.692791,85.32742905366872,135/27,Bhaktithapa Road,44617,Kathmandu-11,Bansh Ghari,Kathmandu,Kathmandu,Bagmati Province,Nepal,np,© OpenStreetMap contributors,Open Database License,https://www.openstreetmap.org/copyright
79326150,271,2019-12-28 05:35:04,27.69182,85.32718833333334,0.0,110.54115175344518,"Bhaktithapa Road 135/27, Bansh Ghari, Kathmandu 44617, Nepal",27.692791,85.32742905366872,135/27,Bhaktithapa Road,44617,Kathmandu-11,Bansh Ghari,Kathmandu,Kathmandu,Bagmati Province,Nepal,np,© OpenStreetMap contributors,Open Database License,https://www.openstreetmap.org/copyright
79326668,271,2019-12-28 05:35:34,27.691801666666667,85.32718,0.03,17.937800085436454,"Kathmandu, Kathmandu 44617, Nepal",27.6923583,85.3267156,,,44617,Kathmandu-11,,Kathmandu,Kathmandu,Bagmati Province,Nepal,np,© OpenStreetMap contributors,Open Database License,https://www.openstreetmap.org/copyright
79327143,271,2019-12-28 05:36:03,27.69182,85.32719666666667,0.02,110.36814239042627,"Bhaktithapa Road 135/27, Bansh Ghari, Kathmandu 44617, Nepal",27.692791,85.32742905366872,135/27,Bhaktithapa Road,44617,Kathmandu-11,Bansh Ghari,Kathmandu,Kathmandu,Bagmati Province,Nepal,np,© OpenStreetMap contributors,Open Database License,https://www.openstreetmap.org/copyright
79327629,271,2019-12-28 05:36:33,27.691831666666666,85.327225,0.02,12.826783440996769,"Kathmandu, Kathmandu 44617, Nepal",27.6923583,85.3267156,,,44617,Kathmandu-11,,Kathmandu,Kathmandu,Bagmati Province,Nepal,np,© OpenStreetMap contributors,Open Database License,https://www.openstreetmap.org/copyright
79328106,271,2019-12-28 05:37:03,27.69185166666667,85.32726,0.0,105.76716104394951,"Bhaktithapa Road 135/27, Bansh Ghari, Kathmandu 44617, Nepal",27.692791,85.32742905366872,135/27,Bhaktithapa Road,44617,Kathmandu-11,Bansh Ghari,Kathmandu,Kathmandu,Bagmati Province,Nepal,np,© OpenStreetMap contributors,Open Database License,https://www.openstreetmap.org/copyright
79328589,271,2019-12-28 05:37:33,27.691866666666662,85.32725166666667,0.01,8.145817237533379,"Kathmandu, Kathmandu 44617, Nepal",27.6923583,85.3267156,,,44617,Kathmandu-11,,Kathmandu,Kathmandu,Bagmati Province,Nepal,np,© OpenStreetMap contributors,Open Database License,https://www.openstreetmap.org/copyright
79329081,271,2019-12-28 05:38:03,27.69186,85.32727666666666,0.03,7.573407375012075,"Kathmandu, Kathmandu 44617, Nepal",27.6923583,85.3267156,,,44617,Kathmandu-11,,Kathmandu,Kathmandu,Bagmati Province,Nepal,np,© OpenStreetMap contributors,Open Database License,https://www.openstreetmap.org/copyright
79329558,271,2019-12-28 05:38:32,27.691845,85.32728,0.05,8.861044495386087,"Kathmandu, Kathmandu 44617, Nepal",27.6923583,85.3267156,,,44617,Kathmandu-11,,Kathmandu,Kathmandu,Bagmati Province,Nepal,np,© OpenStreetMap contributors,Open Database License,https://www.openstreetmap.org/copyright
79330049,271,2019-12-28 05:39:02,27.691856666666663,85.32727833333334,0.01,7.814482297292743,"Kathmandu, Kathmandu 44617, Nepal",27.6923583,85.3267156,,,44617,Kathmandu-11,,Kathmandu,Kathmandu,Bagmati Province,Nepal,np,© OpenStreetMap contributors,Open Database License,https://www.openstreetmap.org/copyright
79330560,271,2019-12-28 05:39:32,27.691873333333334,85.32728166666666,0.03,6.041267866018031,"Kathmandu, Kathmandu 44617, Nepal",27.6923583,85.3267156,,,44617,Kathmandu-11,,Kathmandu,Kathmandu,Bagmati Province,Nepal,np,© OpenStreetMap contributors,Open Database License,https://www.openstreetmap.org/copyright
79331092,271,2019-12-28 05:40:02,27.691875,85.32727166666666,0.18,6.3668902888119225,"Kathmandu, Kathmandu 44617, Nepal",27.6923583,85.3267156,,,44617,Kathmandu-11,,Kathmandu,Kathmandu,Bagmati Province,Nepal,np,© OpenStreetMap contributors,Open Database License,https://www.openstreetmap.org/copyright
79331584,271,2019-12-28 05:40:32,27.691861666666668,85.32726,0.02,8.2235097012943,"Kathmandu, Kathmandu 44617, Nepal",27.6923583,85.3267156,,,44617,Kathmandu-11,,Kathmandu,Kathmandu,Bagmati Province,Nepal,np,© OpenStreetMap contributors,Open Database License,https://www.openstreetmap.org/copyright
79332091,271,2019-12-28 05:41:01,27.69185833333333,85.32724833333333,0.02,9.11354444027016,"Kathmandu, Kathmandu 44617, Nepal",27.6923583,85.3267156,,,44617,Kathmandu-11,,Kathmandu,Kathmandu,Bagmati Province,Nepal,np,© OpenStreetMap contributors,Open Database License,https://www.openstreetmap.org/copyright
79332580,271,2019-12-28 05:41:31,27.691873333333334,85.32724166666667,0.02,7.994145876963602,"Kathmandu, Kathmandu 44617, Nepal",27.6923583,85.3267156,,,44617,Kathmandu-11,,Kathmandu,Kathmandu,Bagmati Province,Nepal,np,© OpenStreetMap contributors,Open Database License,https://www.openstreetmap.org/copyright
79333085,271,2019-12-28 05:42:01,27.691873333333334,85.32723333333334,0.02,8.40808787488817,"Kathmandu, Kathmandu 44617, Nepal",27.6923583,85.3267156,,,44617,Kathmandu-11,,Kathmandu,Kathmandu,Bagmati Province,Nepal,np,© OpenStreetMap contributors,Open Database License,https://www.openstreetmap.org/copyright
79333558,271,2019-12-28 05:42:31,27.691856666666663,85.32720666666667,0.01,106.17551509474025,"Bhaktithapa Road 135/27, Bansh Ghari, Kathmandu 44617, Nepal",27.692791,85.32742905366872,135/27,Bhaktithapa Road,44617,Kathmandu-11,Bansh Ghari,Kathmandu,Kathmandu,Bagmati Province,Nepal,np,© OpenStreetMap contributors,Open Database License,https://www.openstreetmap.org/copyright
79334052,271,2019-12-28 05:43:01,27.69187,85.32719333333333,0.05,105.00755054723714,"Bhaktithapa Road 135/27, Bansh Ghari, Kathmandu 44617, Nepal",27.692791,85.32742905366872,135/27,Bhaktithapa Road,44617,Kathmandu-11,Bansh Ghari,Kathmandu,Kathmandu,Bagmati Province,Nepal,np,© OpenStreetMap contributors,Open Database License,https://www.openstreetmap.org/copyright
79334541,271,2019-12-28 05:43:30,27.69186833333333,85.32719,0.01,105.26119972254905,"Bhaktithapa Road 135/27, Bansh Ghari, Kathmandu 44617, Nepal",27.692791,85.32742905366872,135/27,Bhaktithapa Road,44617,Kathmandu-11,Bansh Ghari,Kathmandu,Kathmandu,Bagmati Province,Nepal,np,© OpenStreetMap contributors,Open Database License,https://www.openstreetmap.org/copyright
79335030,271,2019-12-28 05:44:00,27.69186,85.327195,0.01,106.05651036178135,"Bhaktithapa Road 135/27, Bansh Ghari, Kathmandu 44617, Nepal",27.692791,85.32742905366872,135/27,Bhaktithapa Road,44617,Kathmandu-11,Bansh Ghari,Kathmandu,Kathmandu,Bagmati Province,Nepal,np,© OpenStreetMap contributors,Open Database License,https://www.openstreetmap.org/copyright
79335522,271,2019-12-28 05:44:30,27.69185833333333,85.327185,0.12,106.45532569140255,"Bhaktithapa Road 135/27, Bansh Ghari, Kathmandu 44617, Nepal",27.692791,85.32742905366872,135/27,Bhaktithapa Road,44617,Kathmandu-11,Bansh Ghari,Kathmandu,Kathmandu,Bagmati Province,Nepal,np,© OpenStreetMap contributors,Open Database License,https://www.openstreetmap.org/copyright
79336011,271,2019-12-28 05:45:00,27.69187833333333,85.3272,0.01,103.95967790501642,"Bhaktithapa Road 135/27, Bansh Ghari, Kathmandu 44617, Nepal",27.692791,85.32742905366872,135/27,Bhaktithapa Road,44617,Kathmandu-11,Bansh Ghari,Kathmandu,Kathmandu,Bagmati Province,Nepal,np,© OpenStreetMap contributors,Open Database License,https://www.openstreetmap.org/copyright
79336480,271,2019-12-28 05:45:29,27.691885,85.32721833333333,0.08,8.03310490504038,"Kathmandu, Kathmandu 44617, Nepal",27.6923583,85.3267156,,,44617,Kathmandu-11,,Kathmandu,Kathmandu,Bagmati Province,Nepal,np,© OpenStreetMap contributors,Open Database License,https://www.openstreetmap.org/copyright
79336977,271,2019-12-28 05:45:59,27.691871666666668,85.32724666666667,0.03,7.905978436424226,"Kathmandu, Kathmandu 44617, Nepal",27.6923583,85.3267156,,,44617,Kathmandu-11,,Kathmandu,Kathmandu,Bagmati Province,Nepal,np,© OpenStreetMap contributors,Open Database License,https://www.openstreetmap.org/copyright
79337458,271,2019-12-28 05:46:29,27.69185833333333,85.32728333333333,0.04,7.410024911125488,"Kathmandu, Kathmandu 44617, Nepal",27.6923583,85.3267156,,,44617,Kathmandu-11,,Kathmandu,Kathmandu,Bagmati Province,Nepal,np,© OpenStreetMap contributors,Open Database License,https://www.openstreetmap.org/copyright
79337952,271,2019-12-28 05:46:59,27.691856666666663,85.32728,0.04,7.733362318818192,"Kathmandu, Kathmandu 44617, Nepal",27.6923583,85.3267156,,,44617,Kathmandu-11,,Kathmandu,Kathmandu,Bagmati Province,Nepal,np,© OpenStreetMap contributors,Open Database License,https://www.openstreetmap.org/copyright
79338427,271,2019-12-28 05:47:29,27.691848333333333,85.32726666666667,0.01,106.03224991003985,"Bhaktithapa Road 135/27, Bansh Ghari, Kathmandu 44617, Nepal",27.692791,85.32742905366872,135/27,Bhaktithapa Road,44617,Kathmandu-11,Bansh Ghari,Kathmandu,Kathmandu,Bagmati Province,Nepal,np,© OpenStreetMap contributors,Open Database License,https://www.openstreetmap.org/copyright
79338915,271,2019-12-28 05:47:58,27.69183333333333,85.32723333333334,0.06,12.26008609508759,"Kathmandu, Kathmandu 44617, Nepal",27.6923583,85.3267156,,,44617,Kathmandu-11,,Kathmandu,Kathmandu,Bagmati Province,Nepal,np,© OpenStreetMap contributors,Open Database License,https://www.openstreetmap.org/copyright
79339391,271,2019-12-28 05:48:28,27.691835,85.32723666666666,0.1,11.936748678982973,"Kathmandu, Kathmandu 44617, Nepal",27.6923583,85.3267156,,,44617,Kathmandu-11,,Kathmandu,Kathmandu,Bagmati Province,Nepal,np,© OpenStreetMap contributors,Open Database License,https://www.openstreetmap.org/copyright
79339877,271,2019-12-28 05:48:58,27.691846666666667,85.32723333333334,0.0,106.75879754326905,"Bhaktithapa Road 135/27, Bansh Ghari, Kathmandu 44617, Nepal",27.692791,85.32742905366872,135/27,Bhaktithapa Road,44617,Kathmandu-11,Bansh Ghari,Kathmandu,Kathmandu,Bagmati Province,Nepal,np,© OpenStreetMap contributors,Open Database License,https://www.openstreetmap.org/copyright
79340387,271,2019-12-28 05:49:28,27.69185,85.32721833333333,0.02,106.67163920256303,"Bhaktithapa Road 135/27, Bansh Ghari, Kathmandu 44617, Nepal",27.692791,85.32742905366872,135/27,Bhaktithapa Road,44617,Kathmandu-11,Bansh Ghari,Kathmandu,Kathmandu,Bagmati Province,Nepal,np,© OpenStreetMap contributors,Open Database License,https://www.openstreetmap.org/copyright
79340881,271,2019-12-28 05:49:58,27.69185333333333,85.32718833333334,0.03,106.92379949787414,"Bhaktithapa Road 135/27, Bansh Ghari, Kathmandu 44617, Nepal",27.692791,85.32742905366872,135/27,Bhaktithapa Road,44617,Kathmandu-11,Bansh Ghari,Kathmandu,Kathmandu,Bagmati Province,Nepal,np,© OpenStreetMap contributors,Open Database License,https://www.openstreetmap.org/copyright
79341420,271,2019-12-28 05:50:27,27.691845,85.32717666666667,0.03,108.08586348417427,"Bhaktithapa Road 135/27, Bansh Ghari, Kathmandu 44617, Nepal",27.692791,85.32742905366872,135/27,Bhaktithapa Road,44617,Kathmandu-11,Bansh Ghari,Kathmandu,Kathmandu,Bagmati Province,Nepal,np,© OpenStreetMap contributors,Open Database License,https://www.openstreetmap.org/copyright
79341909,271,2019-12-28 05:50:57,27.691848333333333,85.32718,0.02,107.64994261373816,"Bhaktithapa Road 135/27, Bansh Ghari, Kathmandu 44617, Nepal",27.692791,85.32742905366872,135/27,Bhaktithapa Road,44617,Kathmandu-11,Bansh Ghari,Kathmandu,Kathmandu,Bagmati Province,Nepal,np,© OpenStreetMap contributors,Open Database License,https://www.openstreetmap.org/copyright
79342392,271,2019-12-28 05:51:27,27.69185333333333,85.327185,0.05,106.99702629313096,"Bhaktithapa Road 135/27, Bansh Ghari, Kathmandu 44617, Nepal",27.692791,85.32742905366872,135/27,Bhaktithapa Road,44617,Kathmandu-11,Bansh Ghari,Kathmandu,Kathmandu,Bagmati Province,Nepal,np,© OpenStreetMap contributors,Open Database License,https://www.openstreetmap.org/copyright
79342930,271,2019-12-28 05:51:58,27.691856666666663,85.32718166666666,0.01,106.71030999393724,"Bhaktithapa Road 135/27, Bansh Ghari, Kathmandu 44617, Nepal",27.692791,85.32742905366872,135/27,Bhaktithapa Road,44617,Kathmandu-11,Bansh Ghari,Kathmandu,Kathmandu,Bagmati Province,Nepal,np,© OpenStreetMap contributors,Open Database License,https://www.openstreetmap.org/copyright
79343407,271,2019-12-28 05:52:26,27.691861666666668,85.32719166666666,0.07,105.94753857254881,"Bhaktithapa Road 135/27, Bansh Ghari, Kathmandu 44617, Nepal",27.692791,85.32742905366872,135/27,Bhaktithapa Road,44617,Kathmandu-11,Bansh Ghari,Kathmandu,Kathmandu,Bagmati Province,Nepal,np,© OpenStreetMap contributors,Open Database License,https://www.openstreetmap.org/copyright
79343909,271,2019-12-28 05:52:56,27.69186,85.32720166666667,0.14,105.91582450945488,"Bhaktithapa Road 135/27, Bansh Ghari, Kathmandu 44617, Nepal",27.692791,85.32742905366872,135/27,Bhaktithapa Road,44617,Kathmandu-11,Bansh Ghari,Kathmandu,Kathmandu,Bagmati Province,Nepal,np,© OpenStreetMap contributors,Open Database License,https://www.openstreetmap.org/copyright
79344455,271,2019-12-28 05:53:26,27.69186333333333,85.32720333333333,0.02,105.51889469237983,"Bhaktithapa Road 135/27, Bansh Ghari, Kathmandu 44617, Nepal",27.692791,85.32742905366872,135/27,Bhaktithapa Road,44617,Kathmandu-11,Bansh Ghari,Kathmandu,Kathmandu,Bagmati Province,Nepal,np,© OpenStreetMap contributors,Open Database License,https://www.openstreetmap.org/copyright
79344974,271,2019-12-28 05:53:56,27.691855,85.32721,0.02,106.28978286389162,"Bhaktithapa Road 135/27, Bansh Ghari, Kathmandu 44617, Nepal",27.692791,85.32742905366872,135/27,Bhaktithapa Road,44617,Kathmandu-11,Bansh Ghari,Kathmandu,Kathmandu,Bagmati Province,Nepal,np,© OpenStreetMap contributors,Open Database License,https://www.openstreetmap.org/copyright
79345507,271,2019-12-28 05:54:26,27.691865,85.3272,0.04,105.4074641580631,"Bhaktithapa Road 135/27, Bansh Ghari, Kathmandu 44617, Nepal",27.692791,85.32742905366872,135/27,Bhaktithapa Road,44617,Kathmandu-11,Bansh Ghari,Kathmandu,Kathmandu,Bagmati Province,Nepal,np,© OpenStreetMap contributors,Open Database License,https://www.openstreetmap.org/copyright
79346005,271,2019-12-28 05:54:55,27.691855,85.327185,0.02,106.81644312640704,"Bhaktithapa Road 135/27, Bansh Ghari, Kathmandu 44617, Nepal",27.692791,85.32742905366872,135/27,Bhaktithapa Road,44617,Kathmandu-11,Bansh Ghari,Kathmandu,Kathmandu,Bagmati Province,Nepal,np,© OpenStreetMap contributors,Open Database License,https://www.openstreetmap.org/copyright
79346524,271,2019-12-28 05:55:25,27.691883333333333,85.32715333333333,0.01,104.51522604590384,"Bhaktithapa Road 135/27, Bansh Ghari, Kathmandu 44617, Nepal",27.692791,85.32742905366872,135/27,Bhaktithapa Road,44617,Kathmandu-11,Bansh Ghari,Kathmandu,Kathmandu,Bagmati Province,Nepal,np,© OpenStreetMap contributors,Open Database License,https://www.openstreetmap.org/copyright
79347039,271,2019-12-28 05:55:55,27.69190333333333,85.32716333333333,0.01,9.00499855818326,"Kathmandu, Kathmandu 44617, Nepal",27.6923583,85.3267156,,,44617,Kathmandu-11,,Kathmandu,Kathmandu,Bagmati Province,Nepal,np,© OpenStreetMap contributors,Open Database License,https://www.openstreetmap.org/copyright
79347520,271,2019-12-28 05:56:25,27.691876666666666,85.327195,0.05,104.24831405243482,"Bhaktithapa Road 135/27, Bansh Ghari, Kathmandu 44617, Nepal",27.692791,85.32742905366872,135/27,Bhaktithapa Road,44617,Kathmandu-11,Bansh Ghari,Kathmandu,Kathmandu,Bagmati Province,Nepal,np,© OpenStreetMap contributors,Open Database License,https://www.openstreetmap.org/copyright
79348014,271,2019-12-28 05:56:55,27.69183,85.32721166666667,0.01,108.980941865865,"Bhaktithapa Road 135/27, Bansh Ghari, Kathmandu 44617, Nepal",27.692791,85.32742905366872,135/27,Bhaktithapa Road,44617,Kathmandu-11,Bansh Ghari,Kathmandu,Kathmandu,Bagmati Province,Nepal,np,© OpenStreetMap contributors,Open Database License,https://www.openstreetmap.org/copyright
79348502,271,2019-12-28 05:57:24,27.69182333333333,85.32721833333333,0.03,13.956750679440482,"Kathmandu, Kathmandu 44617, Nepal",27.6923583,85.3267156,,,44617,Kathmandu-11,,Kathmandu,Kathmandu,Bagmati Province,Nepal,np,© OpenStreetMap contributors,Open Database License,https://www.openstreetmap.org/copyright
79349000,271,2019-12-28 05:57:54,27.691826666666667,85.32723666666666,0.02,12.742236002453959,"Kathmandu, Kathmandu 44617, Nepal",27.6923583,85.3267156,,,44617,Kathmandu-11,,Kathmandu,Kathmandu,Bagmati Province,Nepal,np,© OpenStreetMap contributors,Open Database License,https://www.openstreetmap.org/copyright
79349502,271,2019-12-28 05:58:24,27.69185,85.32726166666667,0.0,105.92452530269564,"Bhaktithapa Road 135/27, Bansh Ghari, Kathmandu 44617, Nepal",27.692791,85.32742905366872,135/27,Bhaktithapa Road,44617,Kathmandu-11,Bansh Ghari,Kathmandu,Kathmandu,Bagmati Province,Nepal,np,© OpenStreetMap contributors,Open Database License,https://www.openstreetmap.org/copyright
79349991,271,2019-12-28 05:58:54,27.691848333333333,85.32726333333333,0.0,106.08223372611205,"Bhaktithapa Road 135/27, Bansh Ghari, Kathmandu 44617, Nepal",27.692791,85.32742905366872,135/27,Bhaktithapa Road,44617,Kathmandu-11,Bansh Ghari,Kathmandu,Kathmandu,Bagmati Province,Nepal,np,© OpenStreetMap contributors,Open Database License,https://www.openstreetmap.org/copyright
79350497,271,2019-12-28 05:59:23,27.691861666666668,85.32728,0.04,7.250069968369097,"Kathmandu, Kathmandu 44617, Nepal",27.6923583,85.3267156,,,44617,Kathmandu-11,,Kathmandu,Kathmandu,Bagmati Province,Nepal,np,© OpenStreetMap contributors,Open Database License,https://www.openstreetmap.org/copyright
79350984,271,2019-12-28 05:59:53,27.691846666666667,85.32729166666667,0.05,8.1321071829202,"Kathmandu, Kathmandu 44617, Nepal",27.6923583,85.3267156,,,44617,Kathmandu-11,,Kathmandu,Kathmandu,Bagmati Province,Nepal,np,© OpenStreetMap contributors,Open Database License,https://www.openstreetmap.org/copyright
79351487,271,2019-12-28 06:00:23,27.691856666666663,85.32730166666667,0.02,6.678802586694822,"Kathmandu, Kathmandu 44617, Nepal",27.6923583,85.3267156,,,44617,Kathmandu-11,,Kathmandu,Kathmandu,Bagmati Province,Nepal,np,© OpenStreetMap contributors,Open Database License,https://www.openstreetmap.org/copyright
79352003,271,2019-12-28 06:00:53,27.69185,85.32728166666666,0.0,8.296632151022955,"Kathmandu, Kathmandu 44617, Nepal",27.6923583,85.3267156,,,44617,Kathmandu-11,,Kathmandu,Kathmandu,Bagmati Province,Nepal,np,© OpenStreetMap contributors,Open Database License,https://www.openstreetmap.org/copyright
79352563,271,2019-12-28 06:01:23,27.691838333333333,85.32726166666667,0.08,107.20619308247242,"Bhaktithapa Road 135/27, Bansh Ghari, Kathmandu 44617, Nepal",27.692791,85.32742905366872,135/27,Bhaktithapa Road,44617,Kathmandu-11,Bansh Ghari,Kathmandu,Kathmandu,Bagmati Province,Nepal,np,© OpenStreetMap contributors,Open Database License,https://www.openstreetmap.org/copyright
79353063,271,2019-12-28 06:01:52,27.691835,85.32727,0.05,107.44980906250191,"Bhaktithapa Road 135/27, Bansh Ghari, Kathmandu 44617, Nepal",27.692791,85.32742905366872,135/27,Bhaktithapa Road,44617,Kathmandu-11,Bansh Ghari,Kathmandu,Kathmandu,Bagmati Province,Nepal,np,© OpenStreetMap contributors,Open Database License,https://www.openstreetmap.org/copyright
79353567,271,2019-12-28 06:02:22,27.69182,85.32726833333334,0.04,11.845346285553017,"Kathmandu, Kathmandu 44617, Nepal",27.6923583,85.3267156,,,44617,Kathmandu-11,,Kathmandu,Kathmandu,Bagmati Province,Nepal,np,© OpenStreetMap contributors,Open Database License,https://www.openstreetmap.org/copyright
79354114,271,2019-12-28 06:02:52,27.69182,85.32724833333333,0.03,12.818786031684041,"Kathmandu, Kathmandu 44617, Nepal",27.6923583,85.3267156,,,44617,Kathmandu-11,,Kathmandu,Kathmandu,Bagmati Province,Nepal,np,© OpenStreetMap contributors,Open Database License,https://www.openstreetmap.org/copyright
79354633,271,2019-12-28 06:03:22,27.691836666666667,85.32723166666666,0.0,12.019011145640562,"Kathmandu, Kathmandu 44617, Nepal",27.6923583,85.3267156,,,44617,Kathmandu-11,,Kathmandu,Kathmandu,Bagmati Province,Nepal,np,© OpenStreetMap contributors,Open Database License,https://www.openstreetmap.org/copyright
79355141,271,2019-12-28 06:03:51,27.69185333333333,85.32725,0.02,105.74383309334817,"Bhaktithapa Road 135/27, Bansh Ghari, Kathmandu 44617, Nepal",27.692791,85.32742905366872,135/27,Bhaktithapa Road,44617,Kathmandu-11,Bansh Ghari,Kathmandu,Kathmandu,Bagmati Province,Nepal,np,© OpenStreetMap contributors,Open Database License,https://www.openstreetmap.org/copyright
79355639,271,2019-12-28 06:04:22,27.691836666666667,85.32724666666667,0.01,107.62586461019924,"Bhaktithapa Road 135/27, Bansh Ghari, Kathmandu 44617, Nepal",27.692791,85.32742905366872,135/27,Bhaktithapa Road,44617,Kathmandu-11,Bansh Ghari,Kathmandu,Kathmandu,Bagmati Province,Nepal,np,© OpenStreetMap contributors,Open Database License,https://www.openstreetmap.org/copyright
79356120,271,2019-12-28 06:04:51,27.69181833333333,85.32723166666666,0.16,13.791083276888198,"Kathmandu, Kathmandu 44617, Nepal",27.6923583,85.3267156,,,44617,Kathmandu-11,,Kathmandu,Kathmandu,Bagmati Province,Nepal,np,© OpenStreetMap contributors,Open Database License,https://www.openstreetmap.org/copyright
79356609,271,2019-12-28 06:05:21,27.691815,85.32724833333333,0.03,13.302078442077025,"Kathmandu, Kathmandu 44617, Nepal",27.6923583,85.3267156,,,44617,Kathmandu-11,,Kathmandu,Kathmandu,Bagmati Province,Nepal,np,© OpenStreetMap contributors,Open Database License,https://www.openstreetmap.org/copyright
79357101,271,2019-12-28 06:05:51,27.691835,85.32726166666667,0.01,107.57245260541484,"Bhaktithapa Road 135/27, Bansh Ghari, Kathmandu 44617, Nepal",27.692791,85.32742905366872,135/27,Bhaktithapa Road,44617,Kathmandu-11,Bansh Ghari,Kathmandu,Kathmandu,Bagmati Province,Nepal,np,© OpenStreetMap contributors,Open Database License,https://www.openstreetmap.org/copyright
79357600,271,2019-12-28 06:06:20,27.69186333333333,85.327255,0.0,8.305772183104441,"Kathmandu, Kathmandu 44617, Nepal",27.6923583,85.3267156,,,44617,Kathmandu-11,,Kathmandu,Kathmandu,Bagmati Province,Nepal,np,© OpenStreetMap contributors,Open Database License,https://www.openstreetmap.org/copyright
79358090,271,2019-12-28 06:06:50,27.69186333333333,85.32725166666667,0.0,8.4680121353954,"Kathmandu, Kathmandu 44617, Nepal",27.6923583,85.3267156,,,44617,Kathmandu-11,,Kathmandu,Kathmandu,Bagmati Province,Nepal,np,© OpenStreetMap contributors,Open Database License,https://www.openstreetmap.org/copyright
79358570,271,2019-12-28 06:07:20,27.69182,85.32723833333333,0.05,13.305505898332953,"Kathmandu, Kathmandu 44617, Nepal",27.6923583,85.3267156,,,44617,Kathmandu-11,,Kathmandu,Kathmandu,Bagmati Province,Nepal,np,© OpenStreetMap contributors,Open Database License,https://www.openstreetmap.org/copyright
79359062,271,2019-12-28 06:07:50,27.691801666666667,85.32721666666667,0.01,16.132137814571493,"Kathmandu, Kathmandu 44617, Nepal",27.6923583,85.3267156,,,44617,Kathmandu-11,,Kathmandu,Kathmandu,Bagmati Province,Nepal,np,© OpenStreetMap contributors,Open Database License,https://www.openstreetmap.org/copyright
79359552,271,2019-12-28 06:08:20,27.69179833333333,85.32720166666667,0.03,17.18441256163923,"Kathmandu, Kathmandu 44617, Nepal",27.6923583,85.3267156,,,44617,Kathmandu-11,,Kathmandu,Kathmandu,Bagmati Province,Nepal,np,© OpenStreetMap contributors,Open Database License,https://www.openstreetmap.org/copyright
79360035,271,2019-12-28 06:08:49,27.691816666666668,85.32724666666667,0.03,13.222100949220012,"Kathmandu, Kathmandu 44617, Nepal",27.6923583,85.3267156,,,44617,Kathmandu-11,,Kathmandu,Kathmandu,Bagmati Province,Nepal,np,© OpenStreetMap contributors,Open Database License,https://www.openstreetmap.org/copyright
79360504,271,2019-12-28 06:09:19,27.691835,85.32726,0.04,107.59771533549397,"Bhaktithapa Road 135/27, Bansh Ghari, Kathmandu 44617, Nepal",27.692791,85.32742905366872,135/27,Bhaktithapa Road,44617,Kathmandu-11,Bansh Ghari,Kathmandu,Kathmandu,Bagmati Province,Nepal,np,© OpenStreetMap contributors,Open Database License,https://www.openstreetmap.org/copyright
79361032,271,2019-12-28 06:09:49,27.691855,85.32726833333334,0.02,8.46229961869524,"Kathmandu, Kathmandu 44617, Nepal",27.6923583,85.3267156,,,44617,Kathmandu-11,,Kathmandu,Kathmandu,Bagmati Province,Nepal,np,© OpenStreetMap contributors,Open Database License,https://www.openstreetmap.org/copyright
79361517,271,2019-12-28 06:10:19,27.69185333333333,85.32724166666667,0.01,105.88371297398578,"Bhaktithapa Road 135/27, Bansh Ghari, Kathmandu 44617, Nepal",27.692791,85.32742905366872,135/27,Bhaktithapa Road,44617,Kathmandu-11,Bansh Ghari,Kathmandu,Kathmandu,Bagmati Province,Nepal,np,© OpenStreetMap contributors,Open Database License,https://www.openstreetmap.org/copyright
79362017,271,2019-12-28 06:10:49,27.691846666666667,85.32723333333334,0.03,106.75879754326905,"Bhaktithapa Road 135/27, Bansh Ghari, Kathmandu 44617, Nepal",27.692791,85.32742905366872,135/27,Bhaktithapa Road,44617,Kathmandu-11,Bansh Ghari,Kathmandu,Kathmandu,Bagmati Province,Nepal,np,© OpenStreetMap contributors,Open Database License,https://www.openstreetmap.org/copyright
79362500,271,2019-12-28 06:11:18,27.69186333333333,85.32724333333333,0.05,8.873612016292288,"Kathmandu, Kathmandu 44617, Nepal",27.6923583,85.3267156,,,44617,Kathmandu-11,,Kathmandu,Kathmandu,Bagmati Province,Nepal,np,© OpenStreetMap contributors,Open Database License,https://www.openstreetmap.org/copyright
79363038,271,2019-12-28 06:11:48,27.691845,85.32722666666666,0.05,107.0613090167584,"Bhaktithapa Road 135/27, Bansh Ghari, Kathmandu 44617, Nepal",27.692791,85.32742905366872,135/27,Bhaktithapa Road,44617,Kathmandu-11,Bansh Ghari,Kathmandu,Kathmandu,Bagmati Province,Nepal,np,© OpenStreetMap contributors,Open Database License,https://www.openstreetmap.org/copyright
79363561,271,2019-12-28 06:12:18,27.691841666666665,85.3272,0.09,107.94336435298246,"Bhaktithapa Road 135/27, Bansh Ghari, Kathmandu 44617, Nepal",27.692791,85.32742905366872,135/27,Bhaktithapa Road,44617,Kathmandu-11,Bansh Ghari,Kathmandu,Kathmandu,Bagmati Province,Nepal,np,© OpenStreetMap contributors,Open Database License,https://www.openstreetmap.org/copyright
79364056,271,2019-12-28 06:12:48,27.69184,85.32716833333333,0.05,108.8176477048273,"Bhaktithapa Road 135/27, Bansh Ghari, Kathmandu 44617, Nepal",27.692791,85.32742905366872,135/27,Bhaktithapa Road,44617,Kathmandu-11,Bansh Ghari,Kathmandu,Kathmandu,Bagmati Province,Nepal,np,© OpenStreetMap contributors,Open Database License,https://www.openstreetmap.org/copyright
79364581,271,2019-12-28 06:13:17,27.69183,85.32715666666667,0.03,110.17250001759588,"Bhaktithapa Road 135/27, Bansh Ghari, Kathmandu 44617, Nepal",27.692791,85.32742905366872,135/27,Bhaktithapa Road,44617,Kathmandu-11,Bansh Ghari,Kathmandu,Kathmandu,Bagmati Province,Nepal,np,© OpenStreetMap contributors,Open Database License,https://www.openstreetmap.org/copyright
79365083,271,2019-12-28 06:13:47,27.691836666666667,85.32718166666666,0.02,108.87668678609842,"Bhaktithapa Road 135/27, Bansh Ghari, Kathmandu 44617, Nepal",27.692791,85.32742905366872,135/27,Bhaktithapa Road,44617,Kathmandu-11,Bansh Ghari,Kathmandu,Kathmandu,Bagmati Province,Nepal,np,© OpenStreetMap contributors,Open Database License,https://www.openstreetmap.org/copyright
79365599,271,2019-12-28 06:14:17,27.69186,85.32722666666666,0.03,105.42298457148769,"Bhaktithapa Road 135/27, Bansh Ghari, Kathmandu 44617, Nepal",27.692791,85.32742905366872,135/27,Bhaktithapa Road,44617,Kathmandu-11,Bansh Ghari,Kathmandu,Kathmandu,Bagmati Province,Nepal,np,© OpenStreetMap contributors,Open Database License,https://www.openstreetmap.org/copyright
79366091,271,2019-12-28 06:14:47,27.69187,85.32722,0.01,104.4586430704207,"Bhaktithapa Road 135/27, Bansh Ghari, Kathmandu 44617, Nepal",27.692791,85.32742905366872,135/27,Bhaktithapa Road,44617,Kathmandu-11,Bansh Ghari,Kathmandu,Kathmandu,Bagmati Province,Nepal,np,© OpenStreetMap contributors,Open Database License,https://www.openstreetmap.org/copyright
79366567,271,2019-12-28 06:15:17,27.691855,85.32721,0.03,106.28978286389162,"Bhaktithapa Road 135/27, Bansh Ghari, Kathmandu 44617, Nepal",27.692791,85.32742905366872,135/27,Bhaktithapa Road,44617,Kathmandu-11,Bansh Ghari,Kathmandu,Kathmandu,Bagmati Province,Nepal,np,© OpenStreetMap contributors,Open Database License,https://www.openstreetmap.org/copyright
79367072,271,2019-12-28 06:15:46,27.69182,85.32716666666667,0.01,111.01809645478428,"Bhaktithapa Road 135/27, Bansh Ghari, Kathmandu 44617, Nepal",27.692791,85.32742905366872,135/27,Bhaktithapa Road,44617,Kathmandu-11,Bansh Ghari,Kathmandu,Kathmandu,Bagmati Province,Nepal,np,© OpenStreetMap contributors,Open Database License,https://www.openstreetmap.org/copyright
79367586,271,2019-12-28 06:16:16,27.691791666666667,85.32712833333333,0.02,21.46430798511744,"Kathmandu, Kathmandu 44617, Nepal",27.6923583,85.3267156,,,44617,Kathmandu-11,,Kathmandu,Kathmandu,Bagmati Province,Nepal,np,© OpenStreetMap contributors,Open Database License,https://www.openstreetmap.org/copyright
79368117,271,2019-12-28 06:16:46,27.691791666666667,85.32713166666667,0.01,21.298731193685306,"Kathmandu, Kathmandu 44617, Nepal",27.6923583,85.3267156,,,44617,Kathmandu-11,,Kathmandu,Kathmandu,Bagmati Province,Nepal,np,© OpenStreetMap contributors,Open Database License,https://www.openstreetmap.org/copyright
79368598,271,2019-12-28 06:17:16,27.691828333333333,85.327165,0.02,110.155733222513,"Bhaktithapa Road 135/27, Bansh Ghari, Kathmandu 44617, Nepal",27.692791,85.32742905366872,135/27,Bhaktithapa Road,44617,Kathmandu-11,Bansh Ghari,Kathmandu,Kathmandu,Bagmati Province,Nepal,np,© OpenStreetMap contributors,Open Database License,https://www.openstreetmap.org/copyright
79369123,271,2019-12-28 06:17:45,27.69187833333333,85.32719666666667,0.03,104.03136729824806,"Bhaktithapa Road 135/27, Bansh Ghari, Kathmandu 44617, Nepal",27.692791,85.32742905366872,135/27,Bhaktithapa Road,44617,Kathmandu-11,Bansh Ghari,Kathmandu,Kathmandu,Bagmati Province,Nepal,np,© OpenStreetMap contributors,Open Database License,https://www.openstreetmap.org/copyright
79369640,271,2019-12-28 06:18:15,27.691901666666663,85.32722333333334,0.02,6.1846275540042965,"Kathmandu, Kathmandu 44617, Nepal",27.6923583,85.3267156,,,44617,Kathmandu-11,,Kathmandu,Kathmandu,Bagmati Province,Nepal,np,© OpenStreetMap contributors,Open Database License,https://www.openstreetmap.org/copyright
79370147,271,2019-12-28 06:18:45,27.69191333333333,85.327255,0.05,3.4915695319016153,"Kathmandu, Kathmandu 44617, Nepal",27.6923583,85.3267156,,,44617,Kathmandu-11,,Kathmandu,Kathmandu,Bagmati Province,Nepal,np,© OpenStreetMap contributors,Open Database License,https://www.openstreetmap.org/copyright
79370660,271,2019-12-28 06:19:15,27.691891666666667,85.32726,0.03,5.323755724521236,"Kathmandu, Kathmandu 44617, Nepal",27.6923583,85.3267156,,,44617,Kathmandu-11,,Kathmandu,Kathmandu,Bagmati Province,Nepal,np,© OpenStreetMap contributors,Open Database License,https://www.openstreetmap.org/copyright
79371166,271,2019-12-28 06:19:45,27.69183,85.3272,0.01,109.2123476817784,"Bhaktithapa Road 135/27, Bansh Ghari, Kathmandu 44617, Nepal",27.692791,85.32742905366872,135/27,Bhaktithapa Road,44617,Kathmandu-11,Bansh Ghari,Kathmandu,Kathmandu,Bagmati Province,Nepal,np,© OpenStreetMap contributors,Open Database License,https://www.openstreetmap.org/copyright
79371646,271,2019-12-28 06:20:14,27.69179,85.32716333333333,0.03,19.885762918823783,"Kathmandu, Kathmandu 44617, Nepal",27.6923583,85.3267156,,,44617,Kathmandu-11,,Kathmandu,Kathmandu,Bagmati Province,Nepal,np,© OpenStreetMap contributors,Open Database License,https://www.openstreetmap.org/copyright
79372120,271,2019-12-28 06:20:44,27.691771666666668,85.327145,0.03,22.55655928634875,"Kathmandu, Kathmandu 44617, Nepal",27.6923583,85.3267156,,,44617,Kathmandu-11,,Kathmandu,Kathmandu,Bagmati Province,Nepal,np,© OpenStreetMap contributors,Open Database License,https://www.openstreetmap.org/copyright
79372601,271,2019-12-28 06:21:14,27.691775,85.32714166666666,0.03,22.402113530851807,"Kathmandu, Kathmandu 44617, Nepal",27.6923583,85.3267156,,,44617,Kathmandu-11,,Kathmandu,Kathmandu,Bagmati Province,Nepal,np,© OpenStreetMap contributors,Open Database License,https://www.openstreetmap.org/copyright
79373087,271,2019-12-28 06:21:44,27.691785,85.32715666666667,0.09,20.696950316293755,"Kathmandu, Kathmandu 44617, Nepal",27.6923583,85.3267156,,,44617,Kathmandu-11,,Kathmandu,Kathmandu,Bagmati Province,Nepal,np,© OpenStreetMap contributors,Open Database License,https://www.openstreetmap.org/copyright
79373605,271,2019-12-28 06:22:14,27.691801666666667,85.32718833333334,0.01,17.523858088958846,"Kathmandu, Kathmandu 44617, Nepal",27.6923583,85.3267156,,,44617,Kathmandu-11,,Kathmandu,Kathmandu,Bagmati Province,Nepal,np,© OpenStreetMap contributors,Open Database License,https://www.openstreetmap.org/copyright
79374133,271,2019-12-28 06:22:43,27.691826666666667,85.32722666666666,0.05,13.228955863117532,"Kathmandu, Kathmandu 44617, Nepal",27.6923583,85.3267156,,,44617,Kathmandu-11,,Kathmandu,Kathmandu,Bagmati Province,Nepal,np,© OpenStreetMap contributors,Open Database License,https://www.openstreetmap.org/copyright
79374641,271,2019-12-28 06:23:13,27.691846666666667,85.32726333333333,0.04,106.2653574036524,"Bhaktithapa Road 135/27, Bansh Ghari, Kathmandu 44617, Nepal",27.692791,85.32742905366872,135/27,Bhaktithapa Road,44617,Kathmandu-11,Bansh Ghari,Kathmandu,Kathmandu,Bagmati Province,Nepal,np,© OpenStreetMap contributors,Open Database License,https://www.openstreetmap.org/copyright
79375133,271,2019-12-28 06:23:43,27.691831666666666,85.32724333333333,0.02,108.2290523064136,"Bhaktithapa Road 135/27, Bansh Ghari, Kathmandu 44617, Nepal",27.692791,85.32742905366872,135/27,Bhaktithapa Road,44617,Kathmandu-11,Bansh Ghari,Kathmandu,Kathmandu,Bagmati Province,Nepal,np,© OpenStreetMap contributors,Open Database License,https://www.openstreetmap.org/copyright
79375638,271,2019-12-28 06:24:13,27.691811666666663,85.32717666666667,0.01,17.14330933054133,"Kathmandu, Kathmandu 44617, Nepal",27.6923583,85.3267156,,,44617,Kathmandu-11,,Kathmandu,Kathmandu,Bagmati Province,Nepal,np,© OpenStreetMap contributors,Open Database License,https://www.openstreetmap.org/copyright
79376168,271,2019-12-28 06:24:43,27.69179,85.32714,0.03,21.04480048162482,"Kathmandu, Kathmandu 44617, Nepal",27.6923583,85.3267156,,,44617,Kathmandu-11,,Kathmandu,Kathmandu,Bagmati Province,Nepal,np,© OpenStreetMap contributors,Open Database License,https://www.openstreetmap.org/copyright
79376640,271,2019-12-28 06:25:12,27.69179833333333,85.32714833333333,0.04,19.830802168644123,"Kathmandu, Kathmandu 44617, Nepal",27.6923583,85.3267156,,,44617,Kathmandu-11,,Kathmandu,Kathmandu,Bagmati Province,Nepal,np,© OpenStreetMap contributors,Open Database License,https://www.openstreetmap.org/copyright
79377126,271,2019-12-28 06:25:42,27.69183,85.32719,0.06,109.41990418195059,"Bhaktithapa Road 135/27, Bansh Ghari, Kathmandu 44617, Nepal",27.692791,85.32742905366872,135/27,Bhaktithapa Road,44617,Kathmandu-11,Bansh Ghari,Kathmandu,Kathmandu,Bagmati Province,Nepal,np,© OpenStreetMap contributors,Open Database License,https://www.openstreetmap.org/copyright
79377639,271,2019-12-28 06:26:12,27.69185333333333,85.32722333333334,0.05,106.21311285737339,"Bhaktithapa Road 135/27, Bansh Ghari, Kathmandu 44617, Nepal",27.692791,85.32742905366872,135/27,Bhaktithapa Road,44617,Kathmandu-11,Bansh Ghari,Kathmandu,Kathmandu,Bagmati Province,Nepal,np,© OpenStreetMap contributors,Open Database License,https://www.openstreetmap.org/copyright
79378142,271,2019-12-28 06:26:42,27.691856666666663,85.327245,0.02,105.46186326423863,"Bhaktithapa Road 135/27, Bansh Ghari, Kathmandu 44617, Nepal",27.692791,85.32742905366872,135/27,Bhaktithapa Road,44617,Kathmandu-11,Bansh Ghari,Kathmandu,Kathmandu,Bagmati Province,Nepal,np,© OpenStreetMap contributors,Open Database License,https://www.openstreetmap.org/copyright
79378610,271,2019-12-28 06:27:11,27.691821666666662,85.32718333333334,0.02,110.46691449054654,"Bhaktithapa Road 135/27, Bansh Ghari, Kathmandu 44617, Nepal",27.692791,85.32742905366872,135/27,Bhaktithapa Road,44617,Kathmandu-11,Bansh Ghari,Kathmandu,Kathmandu,Bagmati Province,Nepal,np,© OpenStreetMap contributors,Open Database License,https://www.openstreetmap.org/copyright
79379101,271,2019-12-28 06:27:41,27.691803333333333,85.32714,0.08,19.764710360149927,"Kathmandu, Kathmandu 44617, Nepal",27.6923583,85.3267156,,,44617,Kathmandu-11,,Kathmandu,Kathmandu,Bagmati Province,Nepal,np,© OpenStreetMap contributors,Open Database License,https://www.openstreetmap.org/copyright
79379577,271,2019-12-28 06:28:11,27.69180833333333,85.32715666666667,0.04,18.45679261583942,"Kathmandu, Kathmandu 44617, Nepal",27.6923583,85.3267156,,,44617,Kathmandu-11,,Kathmandu,Kathmandu,Bagmati Province,Nepal,np,© OpenStreetMap contributors,Open Database License,https://www.openstreetmap.org/copyright
79380047,271,2019-12-28 06:28:41,27.69185,85.327185,0.02,107.35824111185639,"Bhaktithapa Road 135/27, Bansh Ghari, Kathmandu 44617, Nepal",27.692791,85.32742905366872,135/27,Bhaktithapa Road,44617,Kathmandu-11,Bansh Ghari,Kathmandu,Kathmandu,Bagmati Province,Nepal,np,© OpenStreetMap contributors,Open Database License,https://www.openstreetmap.org/copyright
79380521,271,2019-12-28 06:29:11,27.69189833333333,85.32717833333334,0.02,8.739936662778295,"Kathmandu, Kathmandu 44617, Nepal",27.6923583,85.3267156,,,44617,Kathmandu-11,,Kathmandu,Kathmandu,Bagmati Province,Nepal,np,© OpenStreetMap contributors,Open Database License,https://www.openstreetmap.org/copyright
79381011,271,2019-12-28 06:29:40,27.69192,85.32717166666667,0.04,6.990944495467362,"Kathmandu, Kathmandu 44617, Nepal",27.6923583,85.3267156,,,44617,Kathmandu-11,,Kathmandu,Kathmandu,Bagmati Province,Nepal,np,© OpenStreetMap contributors,Open Database License,https://www.openstreetmap.org/copyright
79381500,271,2019-12-28 06:30:10,27.69191333333333,85.32721666666667,0.03,5.3957026748439345,"Kathmandu, Kathmandu 44617, Nepal",27.6923583,85.3267156,,,44617,Kathmandu-11,,Kathmandu,Kathmandu,Bagmati Province,Nepal,np,© OpenStreetMap contributors,Open Database License,https://www.openstreetmap.org/copyright
79381981,271,2019-12-28 06:30:40,27.691876666666666,85.32721,0.02,103.93182551090852,"Bhaktithapa Road 135/27, Bansh Ghari, Kathmandu 44617, Nepal",27.692791,85.32742905366872,135/27,Bhaktithapa Road,44617,Kathmandu-11,Bansh Ghari,Kathmandu,Kathmandu,Bagmati Province,Nepal,np,© OpenStreetMap contributors,Open Database License,https://www.openstreetmap.org/copyright
79382477,271,2019-12-28 06:31:10,27.691825,85.32717,0.02,110.40117504621402,"Bhaktithapa Road 135/27, Bansh Ghari, Kathmandu 44617, Nepal",27.692791,85.32742905366872,135/27,Bhaktithapa Road,44617,Kathmandu-11,Bansh Ghari,Kathmandu,Kathmandu,Bagmati Province,Nepal,np,© OpenStreetMap contributors,Open Database License,https://www.openstreetmap.org/copyright
79382936,271,2019-12-28 06:31:39,27.69179833333333,85.32712833333333,0.01,20.824262919692426,"Kathmandu, Kathmandu 44617, Nepal",27.6923583,85.3267156,,,44617,Kathmandu-11,,Kathmandu,Kathmandu,Bagmati Province,Nepal,np,© OpenStreetMap contributors,Open Database License,https://www.openstreetmap.org/copyright
79383418,271,2019-12-28 06:32:09,27.69180666666667,85.32712666666667,0.04,113.43001336438365,"Bhaktithapa Road 135/27, Bansh Ghari, Kathmandu 44617, Nepal",27.692791,85.32742905366872,135/27,Bhaktithapa Road,44617,Kathmandu-11,Bansh Ghari,Kathmandu,Kathmandu,Bagmati Province,Nepal,np,© OpenStreetMap contributors,Open Database License,https://www.openstreetmap.org/copyright
79383886,271,2019-12-28 06:32:39,27.691826666666667,85.32713666666666,0.0,111.02625961311855,"Bhaktithapa Road 135/27, Bansh Ghari, Kathmandu 44617, Nepal",27.692791,85.32742905366872,135/27,Bhaktithapa Road,44617,Kathmandu-11,Bansh Ghari,Kathmandu,Kathmandu,Bagmati Province,Nepal,np,© OpenStreetMap contributors,Open Database License,https://www.openstreetmap.org/copyright
79384400,271,2019-12-28 06:33:09,27.691821666666662,85.32713666666666,0.02,111.56331376873611,"Bhaktithapa Road 135/27, Bansh Ghari, Kathmandu 44617, Nepal",27.692791,85.32742905366872,135/27,Bhaktithapa Road,44617,Kathmandu-11,Bansh Ghari,Kathmandu,Kathmandu,Bagmati Province,Nepal,np,© OpenStreetMap contributors,Open Database License,https://www.openstreetmap.org/copyright
79384859,271,2019-12-28 06:33:39,27.691811666666663,85.32710166666666,0.01,113.56758831976498,"Bhaktithapa Road 135/27, Bansh Ghari, Kathmandu 44617, Nepal",27.692791,85.32742905366872,135/27,Bhaktithapa Road,44617,Kathmandu-11,Bansh Ghari,Kathmandu,Kathmandu,Bagmati Province,Nepal,np,© OpenStreetMap contributors,Open Database License,https://www.openstreetmap.org/copyright
79385366,271,2019-12-28 06:34:08,27.69181333333333,85.32711,0.05,113.15938685363527,"Bhaktithapa Road 135/27, Bansh Ghari, Kathmandu 44617, Nepal",27.692791,85.32742905366872,135/27,Bhaktithapa Road,44617,Kathmandu-11,Bansh Ghari,Kathmandu,Kathmandu,Bagmati Province,Nepal,np,© OpenStreetMap contributors,Open Database License,https://www.openstreetmap.org/copyright
79385852,271,2019-12-28 06:34:38,27.691826666666667,85.32714333333334,0.03,110.85787744396647,"Bhaktithapa Road 135/27, Bansh Ghari, Kathmandu 44617, Nepal",27.692791,85.32742905366872,135/27,Bhaktithapa Road,44617,Kathmandu-11,Bansh Ghari,Kathmandu,Kathmandu,Bagmati Province,Nepal,np,© OpenStreetMap contributors,Open Database License,https://www.openstreetmap.org/copyright
79386371,271,2019-12-28 06:35:08,27.691816666666668,85.32713666666666,0.01,112.10055241380938,"Bhaktithapa Road 135/27, Bansh Ghari, Kathmandu 44617, Nepal",27.692791,85.32742905366872,135/27,Bhaktithapa Road,44617,Kathmandu-11,Bansh Ghari,Kathmandu,Kathmandu,Bagmati Province,Nepal,np,© OpenStreetMap contributors,Open Database License,https://www.openstreetmap.org/copyright
79386862,271,2019-12-28 06:35:38,27.69183333333333,85.32717666666667,0.06,109.34879607851465,"Bhaktithapa Road 135/27, Bansh Ghari, Kathmandu 44617, Nepal",27.692791,85.32742905366872,135/27,Bhaktithapa Road,44617,Kathmandu-11,Bansh Ghari,Kathmandu,Kathmandu,Bagmati Province,Nepal,np,© OpenStreetMap contributors,Open Database License,https://www.openstreetmap.org/copyright
79387357,271,2019-12-28 06:36:08,27.691836666666667,85.32720166666667,0.0,108.45313873513274,"Bhaktithapa Road 135/27, Bansh Ghari, Kathmandu 44617, Nepal",27.692791,85.32742905366872,135/27,Bhaktithapa Road,44617,Kathmandu-11,Bansh Ghari,Kathmandu,Kathmandu,Bagmati Province,Nepal,np,© OpenStreetMap contributors,Open Database License,https://www.openstreetmap.org/copyright
79387850,271,2019-12-28 06:36:37,27.69183333333333,85.32721833333333,0.04,108.49009877314626,"Bhaktithapa Road 135/27, Bansh Ghari, Kathmandu 44617, Nepal",27.692791,85.32742905366872,135/27,Bhaktithapa Road,44617,Kathmandu-11,Bansh Ghari,Kathmandu,Kathmandu,Bagmati Province,Nepal,np,© OpenStreetMap contributors,Open Database License,https://www.openstreetmap.org/copyright
79388350,271,2019-12-28 06:37:07,27.691815,85.32721666666667,0.03,14.843358008991364,"Kathmandu, Kathmandu 44617, Nepal",27.6923583,85.3267156,,,44617,Kathmandu-11,,Kathmandu,Kathmandu,Bagmati Province,Nepal,np,© OpenStreetMap contributors,Open Database License,https://www.openstreetmap.org/copyright
79388837,271,2019-12-28 06:37:37,27.69184333333333,85.32725333333333,0.02,106.78671928243126,"Bhaktithapa Road 135/27, Bansh Ghari, Kathmandu 44617, Nepal",27.692791,85.32742905366872,135/27,Bhaktithapa Road,44617,Kathmandu-11,Bansh Ghari,Kathmandu,Kathmandu,Bagmati Province,Nepal,np,© OpenStreetMap contributors,Open Database License,https://www.openstreetmap.org/copyright
79389317,271,2019-12-28 06:38:07,27.69187833333333,85.327285,0.02,5.395735582630217,"Kathmandu, Kathmandu 44617, Nepal",27.6923583,85.3267156,,,44617,Kathmandu-11,,Kathmandu,Kathmandu,Bagmati Province,Nepal,np,© OpenStreetMap contributors,Open Database License,https://www.openstreetmap.org/copyright
79389797,271,2019-12-28 06:38:36,27.691886666666665,85.32730166666667,0.01,3.7790486026401893,"Kathmandu, Kathmandu 44617, Nepal",27.6923583,85.3267156,,,44617,Kathmandu-11,,Kathmandu,Kathmandu,Bagmati Province,Nepal,np,© OpenStreetMap contributors,Open Database License,https://www.openstreetmap.org/copyright
79390278,271,2019-12-28 06:39:06,27.691876666666666,85.32728166666666,0.01,5.719072980087724,"Kathmandu, Kathmandu 44617, Nepal",27.6923583,85.3267156,,,44617,Kathmandu-11,,Kathmandu,Kathmandu,Bagmati Province,Nepal,np,© OpenStreetMap contributors,Open Database License,https://www.openstreetmap.org/copyright
79390768,271,2019-12-28 06:39:36,27.69182,85.32726333333333,0.0,12.088706223471647,"Kathmandu, Kathmandu 44617, Nepal",27.6923583,85.3267156,,,44617,Kathmandu-11,,Kathmandu,Kathmandu,Bagmati Province,Nepal,np,© OpenStreetMap contributors,Open Database License,https://www.openstreetmap.org/copyright
79391251,271,2019-12-28 06:40:06,27.691838333333333,85.32728,0.03,106.94357706953433,"Bhaktithapa Road 135/27, Bansh Ghari, Kathmandu 44617, Nepal",27.692791,85.32742905366872,135/27,Bhaktithapa Road,44617,Kathmandu-11,Bansh Ghari,Kathmandu,Kathmandu,Bagmati Province,Nepal,np,© OpenStreetMap contributors,Open Database License,https://www.openstreetmap.org/copyright
79391728,271,2019-12-28 06:40:36,27.691855,85.32727166666666,0.02,8.30005966280156,"Kathmandu, Kathmandu 44617, Nepal",27.6923583,85.3267156,,,44617,Kathmandu-11,,Kathmandu,Kathmandu,Bagmati Province,Nepal,np,© OpenStreetMap contributors,Open Database License,https://www.openstreetmap.org/copyright
79392232,271,2019-12-28 06:41:05,27.691841666666665,85.32726,0.01,106.86539973121151,"Bhaktithapa Road 135/27, Bansh Ghari, Kathmandu 44617, Nepal",27.692791,85.32742905366872,135/27,Bhaktithapa Road,44617,Kathmandu-11,Bansh Ghari,Kathmandu,Kathmandu,Bagmati Province,Nepal,np,© OpenStreetMap contributors,Open Database License,https://www.openstreetmap.org/copyright
79392724,271,2019-12-28 06:41:35,27.69184333333333,85.32726166666667,0.01,106.65686067877682,"Bhaktithapa Road 135/27, Bansh Ghari, Kathmandu 44617, Nepal",27.692791,85.32742905366872,135/27,Bhaktithapa Road,44617,Kathmandu-11,Bansh Ghari,Kathmandu,Kathmandu,Bagmati Province,Nepal,np,© OpenStreetMap contributors,Open Database License,https://www.openstreetmap.org/copyright
79393191,271,2019-12-28 06:42:05,27.691846666666667,85.32726166666667,0.03,106.29067745369035,"Bhaktithapa Road 135/27, Bansh Ghari, Kathmandu 44617, Nepal",27.692791,85.32742905366872,135/27,Bhaktithapa Road,44617,Kathmandu-11,Bansh Ghari,Kathmandu,Kathmandu,Bagmati Province,Nepal,np,© OpenStreetMap contributors,Open Database License,https://www.openstreetmap.org/copyright
79393688,271,2019-12-28 06:42:35,27.69183333333333,85.32726833333334,0.01,107.65715662442878,"Bhaktithapa Road 135/27, Bansh Ghari, Kathmandu 44617, Nepal",27.692791,85.32742905366872,135/27,Bhaktithapa Road,44617,Kathmandu-11,Bansh Ghari,Kathmandu,Kathmandu,Bagmati Province,Nepal,np,© OpenStreetMap contributors,Open Database License,https://www.openstreetmap.org/copyright
79394179,271,2019-12-28 06:43:05,27.691805,85.32724166666667,0.03,14.593143197352013,"Kathmandu, Kathmandu 44617, Nepal",27.6923583,85.3267156,,,44617,Kathmandu-11,,Kathmandu,Kathmandu,Bagmati Province,Nepal,np,© OpenStreetMap contributors,Open Database License,https://www.openstreetmap.org/copyright
79394678,271,2019-12-28 06:43:34,27.691816666666668,85.32724666666667,0.04,13.222100949220012,"Kathmandu, Kathmandu 44617, Nepal",27.6923583,85.3267156,,,44617,Kathmandu-11,,Kathmandu,Kathmandu,Bagmati Province,Nepal,np,© OpenStreetMap contributors,Open Database License,https://www.openstreetmap.org/copyright
79395194,271,2019-12-28 06:44:04,27.69181833333333,85.32724,0.03,13.385483390748684,"Kathmandu, Kathmandu 44617, Nepal",27.6923583,85.3267156,,,44617,Kathmandu-11,,Kathmandu,Kathmandu,Bagmati Province,Nepal,np,© OpenStreetMap contributors,Open Database License,https://www.openstreetmap.org/copyright
79395712,271,2019-12-28 06:44:34,27.691803333333333,85.32722166666667,0.03,15.727680405989874,"Kathmandu, Kathmandu 44617, Nepal",27.6923583,85.3267156,,,44617,Kathmandu-11,,Kathmandu,Kathmandu,Bagmati Province,Nepal,np,© OpenStreetMap contributors,Open Database License,https://www.openstreetmap.org/copyright
79396240,271,2019-12-28 06:45:04,27.69179,85.32721333333333,0.03,17.42206013873834,"Kathmandu, Kathmandu 44617, Nepal",27.6923583,85.3267156,,,44617,Kathmandu-11,,Kathmandu,Kathmandu,Bagmati Province,Nepal,np,© OpenStreetMap contributors,Open Database License,https://www.openstreetmap.org/copyright
79396740,271,2019-12-28 06:45:33,27.69177,85.32719833333333,0.01,20.085309798311386,"Kathmandu, Kathmandu 44617, Nepal",27.6923583,85.3267156,,,44617,Kathmandu-11,,Kathmandu,Kathmandu,Bagmati Province,Nepal,np,© OpenStreetMap contributors,Open Database License,https://www.openstreetmap.org/copyright
79397235,271,2019-12-28 06:46:03,27.691786666666665,85.32717833333334,0.02,19.460689863648266,"Kathmandu, Kathmandu 44617, Nepal",27.6923583,85.3267156,,,44617,Kathmandu-11,,Kathmandu,Kathmandu,Bagmati Province,Nepal,np,© OpenStreetMap contributors,Open Database License,https://www.openstreetmap.org/copyright
79397728,271,2019-12-28 06:46:33,27.691793333333333,85.327205,0.0,17.505465054470886,"Kathmandu, Kathmandu 44617, Nepal",27.6923583,85.3267156,,,44617,Kathmandu-11,,Kathmandu,Kathmandu,Bagmati Province,Nepal,np,© OpenStreetMap contributors,Open Database License,https://www.openstreetmap.org/copyright
79398229,271,2019-12-28 06:47:03,27.691793333333333,85.32722666666666,0.03,16.450905353925908,"Kathmandu, Kathmandu 44617, Nepal",27.6923583,85.3267156,,,44617,Kathmandu-11,,Kathmandu,Kathmandu,Bagmati Province,Nepal,np,© OpenStreetMap contributors,Open Database License,https://www.openstreetmap.org/copyright
79398748,271,2019-12-28 06:47:33,27.691815,85.32726333333333,0.03,12.57199863225993,"Kathmandu, Kathmandu 44617, Nepal",27.6923583,85.3267156,,,44617,Kathmandu-11,,Kathmandu,Kathmandu,Bagmati Province,Nepal,np,© OpenStreetMap contributors,Open Database License,https://www.openstreetmap.org/copyright
79399268,271,2019-12-28 06:48:02,27.69180666666667,85.32726666666667,0.0,13.215246035353811,"Kathmandu, Kathmandu 44617, Nepal",27.6923583,85.3267156,,,44617,Kathmandu-11,,Kathmandu,Kathmandu,Bagmati Province,Nepal,np,© OpenStreetMap contributors,Open Database License,https://www.openstreetmap.org/copyright
79399769,271,2019-12-28 06:48:32,27.691796666666665,85.327245,0.05,15.236390630024589,"Kathmandu, Kathmandu 44617, Nepal",27.6923583,85.3267156,,,44617,Kathmandu-11,,Kathmandu,Kathmandu,Bagmati Province,Nepal,np,© OpenStreetMap contributors,Open Database License,https://www.openstreetmap.org/copyright
79400272,271,2019-12-28 06:49:02,27.691828333333333,85.32732166666666,0.01,8.444019563959177,"Kathmandu, Kathmandu 44617, Nepal",27.6923583,85.3267156,,,44617,Kathmandu-11,,Kathmandu,Kathmandu,Bagmati Province,Nepal,np,© OpenStreetMap contributors,Open Database License,https://www.openstreetmap.org/copyright
79400767,271,2019-12-28 06:49:32,27.691838333333333,85.32735833333334,0.03,5.480263819581711,"Kathmandu, Kathmandu 44617, Nepal",27.6923583,85.3267156,,,44617,Kathmandu-11,,Kathmandu,Kathmandu,Bagmati Province,Nepal,np,© OpenStreetMap contributors,Open Database License,https://www.openstreetmap.org/copyright
79401263,271,2019-12-28 06:50:02,27.691838333333333,85.32735833333334,0.04,5.480263819581711,"Kathmandu, Kathmandu 44617, Nepal",27.6923583,85.3267156,,,44617,Kathmandu-11,,Kathmandu,Kathmandu,Bagmati Province,Nepal,np,© OpenStreetMap contributors,Open Database License,https://www.openstreetmap.org/copyright
79401759,271,2019-12-28 06:50:31,27.691873333333334,85.32737833333333,0.06,1.1688197774038616,"Kathmandu, Kathmandu 44617, Nepal",27.6923583,85.3267156,,,44617,Kathmandu-11,,Kathmandu,Kathmandu,Bagmati Province,Nepal,np,© OpenStreetMap contributors,Open Database License,https://www.openstreetmap.org/copyright
79402270,271,2019-12-28 06:51:01,27.691846666666667,85.327325,0.02,6.5097075617132685,"Kathmandu, Kathmandu 44617, Nepal",27.6923583,85.3267156,,,44617,Kathmandu-11,,Kathmandu,Kathmandu,Bagmati Province,Nepal,np,© OpenStreetMap contributors,Open Database License,https://www.openstreetmap.org/copyright
79402778,271,2019-12-28 06:51:31,27.691805,85.32726666666667,0.14,13.37634350989029,"Kathmandu, Kathmandu 44617, Nepal",27.6923583,85.3267156,,,44617,Kathmandu-11,,Kathmandu,Kathmandu,Bagmati Province,Nepal,np,© OpenStreetMap contributors,Open Database License,https://www.openstreetmap.org/copyright
79403280,271,2019-12-28 06:52:01,27.691815,85.32730333333333,0.08,10.625119095062125,"Kathmandu, Kathmandu 44617, Nepal",27.6923583,85.3267156,,,44617,Kathmandu-11,,Kathmandu,Kathmandu,Bagmati Province,Nepal,np,© OpenStreetMap contributors,Open Database License,https://www.openstreetmap.org/copyright
79403802,271,2019-12-28 06:52:30,27.691811666666663,85.32731333333334,0.05,10.460594138844531,"Kathmandu, Kathmandu 44617, Nepal",27.6923583,85.3267156,,,44617,Kathmandu-11,,Kathmandu,Kathmandu,Bagmati Province,Nepal,np,© OpenStreetMap contributors,Open Database License,https://www.openstreetmap.org/copyright
79404369,271,2019-12-28 06:53:00,27.691755,85.327235,0.03,19.750547738963427,"Kathmandu, Kathmandu 44617, Nepal",27.6923583,85.3267156,,,44617,Kathmandu-11,,Kathmandu,Kathmandu,Bagmati Province,Nepal,np,© OpenStreetMap contributors,Open Database License,https://www.openstreetmap.org/copyright
79404876,271,2019-12-28 06:53:30,27.691766666666663,85.32721333333333,0.01,19.677424989860874,"Kathmandu, Kathmandu 44617, Nepal",27.6923583,85.3267156,,,44617,Kathmandu-11,,Kathmandu,Kathmandu,Bagmati Province,Nepal,np,© OpenStreetMap contributors,Open Database License,https://www.openstreetmap.org/copyright
79405388,271,2019-12-28 06:54:00,27.691751666666665,85.3272,0.02,21.776262297213176,"Kathmandu, Kathmandu 44617, Nepal",27.6923583,85.3267156,,,44617,Kathmandu-11,,Kathmandu,Kathmandu,Bagmati Province,Nepal,np,© OpenStreetMap contributors,Open Database License,https://www.openstreetmap.org/copyright
79405898,271,2019-12-28 06:54:30,27.691756666666667,85.32718,0.02,22.26640951739097,"Kathmandu, Kathmandu 44617, Nepal",27.6923583,85.3267156,,,44617,Kathmandu-11,,Kathmandu,Kathmandu,Bagmati Province,Nepal,np,© OpenStreetMap contributors,Open Database License,https://www.openstreetmap.org/copyright
79406461,271,2019-12-28 06:54:59,27.691786666666665,85.32715666666667,0.01,20.536939046702656,"Kathmandu, Kathmandu 44617, Nepal",27.6923583,85.3267156,,,44617,Kathmandu-11,,Kathmandu,Kathmandu,Bagmati Province,Nepal,np,© OpenStreetMap contributors,Open Database License,https://www.openstreetmap.org/copyright
79407010,271,2019-12-28 06:55:29,27.69180666666667,85.32717666666667,0.0,17.62334310299478,"Kathmandu, Kathmandu 44617, Nepal",27.6923583,85.3267156,,,44617,Kathmandu-11,,Kathmandu,Kathmandu,Bagmati Province,Nepal,np,© OpenStreetMap contributors,Open Database License,https://www.openstreetmap.org/copyright
79407575,271,2019-12-28 06:55:59,27.691826666666667,85.32718833333334,0.04,109.81720565844498,"Bhaktithapa Road 135/27, Bansh Ghari, Kathmandu 44617, Nepal",27.692791,85.32742905366872,135/27,Bhaktithapa Road,44617,Kathmandu-11,Bansh Ghari,Kathmandu,Kathmandu,Bagmati Province,Nepal,np,© OpenStreetMap contributors,Open Database License,https://www.openstreetmap.org/copyright
79408092,271,2019-12-28 06:56:29,27.691831666666666,85.32719166666666,0.0,109.20368545359467,"Bhaktithapa Road 135/27, Bansh Ghari, Kathmandu 44617, Nepal",27.692791,85.32742905366872,135/27,Bhaktithapa Road,44617,Kathmandu-11,Bansh Ghari,Kathmandu,Kathmandu,Bagmati Province,Nepal,np,© OpenStreetMap contributors,Open Database License,https://www.openstreetmap.org/copyright
79408580,271,2019-12-28 06:56:58,27.69185333333333,85.327215,0.04,106.37262920096298,"Bhaktithapa Road 135/27, Bansh Ghari, Kathmandu 44617, Nepal",27.692791,85.32742905366872,135/27,Bhaktithapa Road,44617,Kathmandu-11,Bansh Ghari,Kathmandu,Kathmandu,Bagmati Province,Nepal,np,© OpenStreetMap contributors,Open Database License,https://www.openstreetmap.org/copyright
79409107,271,2019-12-28 06:57:28,27.69189,85.32724,0.02,6.476822072212849,"Kathmandu, Kathmandu 44617, Nepal",27.6923583,85.3267156,,,44617,Kathmandu-11,,Kathmandu,Kathmandu,Bagmati Province,Nepal,np,© OpenStreetMap contributors,Open Database License,https://www.openstreetmap.org/copyright
79409620,271,2019-12-28 06:57:58,27.69190333333333,85.32722833333334,0.03,5.776251150326086,"Kathmandu, Kathmandu 44617, Nepal",27.6923583,85.3267156,,,44617,Kathmandu-11,,Kathmandu,Kathmandu,Bagmati Province,Nepal,np,© OpenStreetMap contributors,Open Database License,https://www.openstreetmap.org/copyright
79410147,271,2019-12-28 06:58:28,27.69192333333333,85.32723,0.03,3.7733282792117326,"Kathmandu, Kathmandu 44617, Nepal",27.6923583,85.3267156,,,44617,Kathmandu-11,,Kathmandu,Kathmandu,Bagmati Province,Nepal,np,© OpenStreetMap contributors,Open Database License,https://www.openstreetmap.org/copyright
79410644,271,2019-12-28 06:58:58,27.691926666666667,85.327245,0.01,2.70821030462152,"Kathmandu, Kathmandu 44617, Nepal",27.6923583,85.3267156,,,44617,Kathmandu-11,,Kathmandu,Kathmandu,Bagmati Province,Nepal,np,© OpenStreetMap contributors,Open Database License,https://www.openstreetmap.org/copyright
79411207,271,2019-12-28 06:59:28,27.69188833333333,85.32722166666667,0.03,7.547505671832624,"Kathmandu, Kathmandu 44617, Nepal",27.6923583,85.3267156,,,44617,Kathmandu-11,,Kathmandu,Kathmandu,Bagmati Province,Nepal,np,© OpenStreetMap contributors,Open Database License,https://www.openstreetmap.org/copyright
79411695,271,2019-12-28 06:59:57,27.69188833333333,85.327245,0.05,6.388468091566534,"Kathmandu, Kathmandu 44617, Nepal",27.6923583,85.3267156,,,44617,Kathmandu-11,,Kathmandu,Kathmandu,Bagmati Province,Nepal,np,© OpenStreetMap contributors,Open Database License,https://www.openstreetmap.org/copyright
79412200,271,2019-12-28 07:00:27,27.69186333333333,85.32723666666666,0.01,104.87674721571979,"Bhaktithapa Road 135/27, Bansh Ghari, Kathmandu 44617, Nepal",27.692791,85.32742905366872,135/27,Bhaktithapa Road,44617,Kathmandu-11,Bansh Ghari,Kathmandu,Kathmandu,Bagmati Province,Nepal,np,© OpenStreetMap contributors,Open Database License,https://www.openstreetmap.org/copyright
79412720,271,2019-12-28 07:00:57,27.691846666666667,85.32727166666666,0.05,9.105546933736424,"Kathmandu, Kathmandu 44617, Nepal",27.6923583,85.3267156,,,44617,Kathmandu-11,,Kathmandu,Kathmandu,Bagmati Province,Nepal,np,© OpenStreetMap contributors,Open Database License,https://www.openstreetmap.org/copyright
79413229,271,2019-12-28 07:01:27,27.691861666666668,85.327295,0.01,6.519990157400763,"Kathmandu, Kathmandu 44617, Nepal",27.6923583,85.3267156,,,44617,Kathmandu-11,,Kathmandu,Kathmandu,Bagmati Province,Nepal,np,© OpenStreetMap contributors,Open Database License,https://www.openstreetmap.org/copyright
79413738,271,2019-12-28 07:01:57,27.69183333333333,85.327255,0.01,107.85793543648423,"Bhaktithapa Road 135/27, Bansh Ghari, Kathmandu 44617, Nepal",27.692791,85.32742905366872,135/27,Bhaktithapa Road,44617,Kathmandu-11,Bansh Ghari,Kathmandu,Kathmandu,Bagmati Province,Nepal,np,© OpenStreetMap contributors,Open Database License,https://www.openstreetmap.org/copyright
79414269,271,2019-12-28 07:02:26,27.691828333333333,85.32720333333333,0.01,109.32649736115373,"Bhaktithapa Road 135/27, Bansh Ghari, Kathmandu 44617, Nepal",27.692791,85.32742905366872,135/27,Bhaktithapa Road,44617,Kathmandu-11,Bansh Ghari,Kathmandu,Kathmandu,Bagmati Province,Nepal,np,© OpenStreetMap contributors,Open Database License,https://www.openstreetmap.org/copyright
79414777,271,2019-12-28 07:02:56,27.691835,85.327215,0.04,108.37154636143634,"Bhaktithapa Road 135/27, Bansh Ghari, Kathmandu 44617, Nepal",27.692791,85.32742905366872,135/27,Bhaktithapa Road,44617,Kathmandu-11,Bansh Ghari,Kathmandu,Kathmandu,Bagmati Province,Nepal,np,© OpenStreetMap contributors,Open Database License,https://www.openstreetmap.org/copyright
79415292,271,2019-12-28 07:03:26,27.691825,85.32720166666667,0.01,109.72279975490969,"Bhaktithapa Road 135/27, Bansh Ghari, Kathmandu 44617, Nepal",27.692791,85.32742905366872,135/27,Bhaktithapa Road,44617,Kathmandu-11,Bansh Ghari,Kathmandu,Kathmandu,Bagmati Province,Nepal,np,© OpenStreetMap contributors,Open Database License,https://www.openstreetmap.org/copyright
79415852,271,2019-12-28 07:03:57,27.69181333333333,85.3272,0.02,15.824260489860423,"Kathmandu, Kathmandu 44617, Nepal",27.6923583,85.3267156,,,44617,Kathmandu-11,,Kathmandu,Kathmandu,Bagmati Province,Nepal,np,© OpenStreetMap contributors,Open Database License,https://www.openstreetmap.org/copyright
79416377,271,2019-12-28 07:04:25,27.691828333333333,85.32721833333333,0.01,109.03586510434229,"Bhaktithapa Road 135/27, Bansh Ghari, Kathmandu 44617, Nepal",27.692791,85.32742905366872,135/27,Bhaktithapa Road,44617,Kathmandu-11,Bansh Ghari,Kathmandu,Kathmandu,Bagmati Province,Nepal,np,© OpenStreetMap contributors,Open Database License,https://www.openstreetmap.org/copyright
79416929,271,2019-12-28 07:04:55,27.691828333333333,85.32726,0.02,11.445458848966926,"Kathmandu, Kathmandu 44617, Nepal",27.6923583,85.3267156,,,44617,Kathmandu-11,,Kathmandu,Kathmandu,Bagmati Province,Nepal,np,© OpenStreetMap contributors,Open Database License,https://www.openstreetmap.org/copyright
79417432,271,2019-12-28 07:05:25,27.691856666666663,85.32729333333333,0.01,7.084402486036142,"Kathmandu, Kathmandu 44617, Nepal",27.6923583,85.3267156,,,44617,Kathmandu-11,,Kathmandu,Kathmandu,Bagmati Province,Nepal,np,© OpenStreetMap contributors,Open Database License,https://www.openstreetmap.org/copyright
79417947,271,2019-12-28 07:05:55,27.69185333333333,85.32726333333333,0.02,8.866757005525125,"Kathmandu, Kathmandu 44617, Nepal",27.6923583,85.3267156,,,44617,Kathmandu-11,,Kathmandu,Kathmandu,Bagmati Province,Nepal,np,© OpenStreetMap contributors,Open Database License,https://www.openstreetmap.org/copyright
79418438,271,2019-12-28 07:06:24,27.691856666666663,85.32724833333333,0.01,105.40596513014042,"Bhaktithapa Road 135/27, Bansh Ghari, Kathmandu 44617, Nepal",27.692791,85.32742905366872,135/27,Bhaktithapa Road,44617,Kathmandu-11,Bansh Ghari,Kathmandu,Kathmandu,Bagmati Province,Nepal,np,© OpenStreetMap contributors,Open Database License,https://www.openstreetmap.org/copyright
79418940,271,2019-12-28 07:06:55,27.691841666666665,85.32723666666666,0.01,107.24723547459791,"Bhaktithapa Road 135/27, Bansh Ghari, Kathmandu 44617, Nepal",27.692791,85.32742905366872,135/27,Bhaktithapa Road,44617,Kathmandu-11,Bansh Ghari,Kathmandu,Kathmandu,Bagmati Province,Nepal,np,© OpenStreetMap contributors,Open Database License,https://www.openstreetmap.org/copyright
79419442,271,2019-12-28 07:07:24,27.691831666666666,85.32723666666666,0.05,12.258943606605554,"Kathmandu, Kathmandu 44617, Nepal",27.6923583,85.3267156,,,44617,Kathmandu-11,,Kathmandu,Kathmandu,Bagmati Province,Nepal,np,© OpenStreetMap contributors,Open Database License,https://www.openstreetmap.org/copyright
79419962,271,2019-12-28 07:07:54,27.69181,85.32724166666667,0.0,14.109850772953061,"Kathmandu, Kathmandu 44617, Nepal",27.6923583,85.3267156,,,44617,Kathmandu-11,,Kathmandu,Kathmandu,Bagmati Province,Nepal,np,© OpenStreetMap contributors,Open Database License,https://www.openstreetmap.org/copyright
79420455,271,2019-12-28 07:08:24,27.691761666666668,85.32722166666667,0.0,19.7551175832521,"Kathmandu, Kathmandu 44617, Nepal",27.6923583,85.3267156,,,44617,Kathmandu-11,,Kathmandu,Kathmandu,Bagmati Province,Nepal,np,© OpenStreetMap contributors,Open Database License,https://www.openstreetmap.org/copyright
79420976,271,2019-12-28 07:08:53,27.691771666666668,85.32720666666667,0.02,19.51861241958395,"Kathmandu, Kathmandu 44617, Nepal",27.6923583,85.3267156,,,44617,Kathmandu-11,,Kathmandu,Kathmandu,Bagmati Province,Nepal,np,© OpenStreetMap contributors,Open Database License,https://www.openstreetmap.org/copyright
79421497,271,2019-12-28 07:09:23,27.691751666666665,85.32718333333334,0.02,22.587462069470778,"Kathmandu, Kathmandu 44617, Nepal",27.6923583,85.3267156,,,44617,Kathmandu-11,,Kathmandu,Kathmandu,Bagmati Province,Nepal,np,© OpenStreetMap contributors,Open Database License,https://www.openstreetmap.org/copyright
79421994,271,2019-12-28 07:09:53,27.69178,85.32722333333334,0.04,17.90192518938806,"Kathmandu, Kathmandu 44617, Nepal",27.6923583,85.3267156,,,44617,Kathmandu-11,,Kathmandu,Kathmandu,Bagmati Province,Nepal,np,© OpenStreetMap contributors,Open Database License,https://www.openstreetmap.org/copyright
79422506,271,2019-12-28 07:10:23,27.691795,85.32723333333334,0.04,15.965327959859408,"Kathmandu, Kathmandu 44617, Nepal",27.6923583,85.3267156,,,44617,Kathmandu-11,,Kathmandu,Kathmandu,Bagmati Province,Nepal,np,© OpenStreetMap contributors,Open Database License,https://www.openstreetmap.org/copyright
79423006,271,2019-12-28 07:10:53,27.691805,85.32722,0.02,15.647702905825613,"Kathmandu, Kathmandu 44617, Nepal",27.6923583,85.3267156,,,44617,Kathmandu-11,,Kathmandu,Kathmandu,Bagmati Province,Nepal,np,© OpenStreetMap contributors,Open Database License,https://www.openstreetmap.org/copyright
79423501,271,2019-12-28 07:11:22,27.691786666666665,85.32723666666666,0.03,16.60857541702293,"Kathmandu, Kathmandu 44617, Nepal",27.6923583,85.3267156,,,44617,Kathmandu-11,,Kathmandu,Kathmandu,Bagmati Province,Nepal,np,© OpenStreetMap contributors,Open Database License,https://www.openstreetmap.org/copyright
79423988,271,2019-12-28 07:11:52,27.69178833333333,85.32718666666666,0.0,18.886736597911145,"Kathmandu, Kathmandu 44617, Nepal",27.6923583,85.3267156,,,44617,Kathmandu-11,,Kathmandu,Kathmandu,Bagmati Province,Nepal,np,© OpenStreetMap contributors,Open Database License,https://www.openstreetmap.org/copyright
79424481,271,2019-12-28 07:12:22,27.691791666666667,85.32716666666667,0.02,19.56017485544382,"Kathmandu, Kathmandu 44617, Nepal",27.6923583,85.3267156,,,44617,Kathmandu-11,,Kathmandu,Kathmandu,Bagmati Province,Nepal,np,© OpenStreetMap contributors,Open Database License,https://www.openstreetmap.org/copyright
79425018,271,2019-12-28 07:12:52,27.69179,85.327155,0.0,20.299704907959832,"Kathmandu, Kathmandu 44617, Nepal",27.6923583,85.3267156,,,44617,Kathmandu-11,,Kathmandu,Kathmandu,Bagmati Province,Nepal,np,© OpenStreetMap contributors,Open Database License,https://www.openstreetmap.org/copyright
79425513,271,2019-12-28 07:13:21,27.691783333333333,85.32714333333334,0.03,21.51926876651808,"Kathmandu, Kathmandu 44617, Nepal",27.6923583,85.3267156,,,44617,Kathmandu-11,,Kathmandu,Kathmandu,Bagmati Province,Nepal,np,© OpenStreetMap contributors,Open Database License,https://www.openstreetmap.org/copyright
79426006,271,2019-12-28 07:13:51,27.69177833333333,85.32713333333334,0.03,22.49603296619003,"Kathmandu, Kathmandu 44617, Nepal",27.6923583,85.3267156,,,44617,Kathmandu-11,,Kathmandu,Kathmandu,Bagmati Province,Nepal,np,© OpenStreetMap contributors,Open Database License,https://www.openstreetmap.org/copyright
79426503,271,2019-12-28 07:14:21,27.69177333333333,85.32712,0.03,23.638373962163527,"Kathmandu, Kathmandu 44617, Nepal",27.6923583,85.3267156,,,44617,Kathmandu-11,,Kathmandu,Kathmandu,Bagmati Province,Nepal,np,© OpenStreetMap contributors,Open Database License,https://www.openstreetmap.org/copyright
79427001,271,2019-12-28 07:14:51,27.691781666666667,85.327125,0.18,22.58995240012834,"Kathmandu, Kathmandu 44617, Nepal",27.6923583,85.3267156,,,44617,Kathmandu-11,,Kathmandu,Kathmandu,Bagmati Province,Nepal,np,© OpenStreetMap contributors,Open Database License,https://www.openstreetmap.org/copyright
79427502,271,2019-12-28 07:15:21,27.691795,85.32712666666667,0.02,21.227073846087976,"Kathmandu, Kathmandu 44617, Nepal",27.6923583,85.3267156,,,44617,Kathmandu-11,,Kathmandu,Kathmandu,Bagmati Province,Nepal,np,© OpenStreetMap contributors,Open Database License,https://www.openstreetmap.org/copyright
79427998,271,2019-12-28 07:15:50,27.69177333333333,85.32709333333334,0.0,23.328763614113754,"Kathmandu, Kathmandu 44617, Nepal",27.6916865,85.3267644,,,44617,Kathmandu-11,,Kathmandu,Kathmandu,Bagmati Province,Nepal,np,© OpenStreetMap contributors,Open Database License,https://www.openstreetmap.org/copyright
79428489,271,2019-12-28 07:16:20,27.691771666666668,85.32707833333333,0.11,22.492009949566903,"Kathmandu, Kathmandu 44617, Nepal",27.6916865,85.3267644,,,44617,Kathmandu-11,,Kathmandu,Kathmandu,Bagmati Province,Nepal,np,© OpenStreetMap contributors,Open Database License,https://www.openstreetmap.org/copyright
79428999,271,2019-12-28 07:16:50,27.691756666666667,85.32705,0.01,19.737799579325433,"Kathmandu, Kathmandu 44617, Nepal",27.6916865,85.3267644,,,44617,Kathmandu-11,,Kathmandu,Kathmandu,Bagmati Province,Nepal,np,© OpenStreetMap contributors,Open Database License,https://www.openstreetmap.org/copyright
79429505,271,2019-12-28 07:17:20,27.69176833333333,85.327045,0.02,20.669234744275347,"Kathmandu, Kathmandu 44617, Nepal",27.6916865,85.3267644,,,44617,Kathmandu-11,,Kathmandu,Kathmandu,Bagmati Province,Nepal,np,© OpenStreetMap contributors,Open Database License,https://www.openstreetmap.org/copyright
79430037,271,2019-12-28 07:17:50,27.691765,85.32703666666667,0.02,19.96596873513871,"Kathmandu, Kathmandu 44617, Nepal",27.6916865,85.3267644,,,44617,Kathmandu-11,,Kathmandu,Kathmandu,Bagmati Province,Nepal,np,© OpenStreetMap contributors,Open Database License,https://www.openstreetmap.org/copyright
79430572,271,2019-12-28 07:18:19,27.691771666666668,85.32703333333333,0.03,20.47689341089098,"Kathmandu, Kathmandu 44617, Nepal",27.6916865,85.3267644,,,44617,Kathmandu-11,,Kathmandu,Kathmandu,Bagmati Province,Nepal,np,© OpenStreetMap contributors,Open Database License,https://www.openstreetmap.org/copyright
79431108,271,2019-12-28 07:18:49,27.69177833333333,85.32706166666667,0.02,22.405863035710617,"Kathmandu, Kathmandu 44617, Nepal",27.6916865,85.3267644,,,44617,Kathmandu-11,,Kathmandu,Kathmandu,Bagmati Province,Nepal,np,© OpenStreetMap contributors,Open Database License,https://www.openstreetmap.org/copyright
79431640,271,2019-12-28 07:19:19,27.69178,85.327085,0.01,23.615786423975436,"Kathmandu, Kathmandu 44617, Nepal",27.6916865,85.3267644,,,44617,Kathmandu-11,,Kathmandu,Kathmandu,Bagmati Province,Nepal,np,© OpenStreetMap contributors,Open Database License,https://www.openstreetmap.org/copyright
79432139,271,2019-12-28 07:19:49,27.691783333333333,85.327105,0.01,23.423401866091208,"Kathmandu, Kathmandu 44617, Nepal",27.6923583,85.3267156,,,44617,Kathmandu-11,,Kathmandu,Kathmandu,Bagmati Province,Nepal,np,© OpenStreetMap contributors,Open Database License,https://www.openstreetmap.org/copyright
79432651,271,2019-12-28 07:20:19,27.691771666666668,85.32711166666667,0.08,23.984688907054668,"Kathmandu, Kathmandu 44617, Nepal",27.6916865,85.3267644,,,44617,Kathmandu-11,,Kathmandu,Kathmandu,Bagmati Province,Nepal,np,© OpenStreetMap contributors,Open Database License,https://www.openstreetmap.org/copyright
79433152,271,2019-12-28 07:20:48,27.69177333333333,85.32712,0.0,23.638373962163527,"Kathmandu, Kathmandu 44617, Nepal",27.6923583,85.3267156,,,44617,Kathmandu-11,,Kathmandu,Kathmandu,Bagmati Province,Nepal,np,© OpenStreetMap contributors,Open Database License,https://www.openstreetmap.org/copyright
79433649,271,2019-12-28 07:21:18,27.69178833333333,85.32713833333334,0.05,21.287600146605353,"Kathmandu, Kathmandu 44617, Nepal",27.6923583,85.3267156,,,44617,Kathmandu-11,,Kathmandu,Kathmandu,Bagmati Province,Nepal,np,© OpenStreetMap contributors,Open Database License,https://www.openstreetmap.org/copyright
79434141,271,2019-12-28 07:21:48,27.691786666666665,85.32714,0.03,21.36482301959734,"Kathmandu, Kathmandu 44617, Nepal",27.6923583,85.3267156,,,44617,Kathmandu-11,,Kathmandu,Kathmandu,Bagmati Province,Nepal,np,© OpenStreetMap contributors,Open Database License,https://www.openstreetmap.org/copyright
79434641,271,2019-12-28 07:22:18,27.69176833333333,85.32713666666666,0.05,23.29052383022327,"Kathmandu, Kathmandu 44617, Nepal",27.6923583,85.3267156,,,44617,Kathmandu-11,,Kathmandu,Kathmandu,Bagmati Province,Nepal,np,© OpenStreetMap contributors,Open Database License,https://www.openstreetmap.org/copyright
79435143,271,2019-12-28 07:22:48,27.6918,85.32715666666667,0.08,19.25684891958534,"Kathmandu, Kathmandu 44617, Nepal",27.6923583,85.3267156,,,44617,Kathmandu-11,,Kathmandu,Kathmandu,Bagmati Province,Nepal,np,© OpenStreetMap contributors,Open Database License,https://www.openstreetmap.org/copyright
79435680,271,2019-12-28 07:23:17,27.691856666666663,85.32723666666666,0.05,105.60594147676076,"Bhaktithapa Road 135/27, Bansh Ghari, Kathmandu 44617, Nepal",27.692791,85.32742905366872,135/27,Bhaktithapa Road,44617,Kathmandu-11,Bansh Ghari,Kathmandu,Kathmandu,Bagmati Province,Nepal,np,© OpenStreetMap contributors,Open Database License,https://www.openstreetmap.org/copyright
79436217,271,2019-12-28 07:23:47,27.69189833333333,85.32730666666667,0.0,2.4080066281120196,"Kathmandu, Kathmandu 44617, Nepal",27.6923583,85.3267156,,,44617,Kathmandu-11,,Kathmandu,Kathmandu,Bagmati Province,Nepal,np,© OpenStreetMap contributors,Open Database License,https://www.openstreetmap.org/copyright
79436748,271,2019-12-28 07:24:17,27.691905,85.32725,0.01,4.539990762863587,"Kathmandu, Kathmandu 44617, Nepal",27.6923583,85.3267156,,,44617,Kathmandu-11,,Kathmandu,Kathmandu,Bagmati Province,Nepal,np,© OpenStreetMap contributors,Open Database License,https://www.openstreetmap.org/copyright
79437256,271,2019-12-28 07:24:47,27.691845,85.32715333333333,0.07,108.63705079835711,"Bhaktithapa Road 135/27, Bansh Ghari, Kathmandu 44617, Nepal",27.692791,85.32742905366872,135/27,Bhaktithapa Road,44617,Kathmandu-11,Bansh Ghari,Kathmandu,Kathmandu,Bagmati Province,Nepal,np,© OpenStreetMap contributors,Open Database License,https://www.openstreetmap.org/copyright
79437776,271,2019-12-28 07:25:16,27.69182,85.32714166666666,0.01,111.61655848352869,"Bhaktithapa Road 135/27, Bansh Ghari, Kathmandu 44617, Nepal",27.692791,85.32742905366872,135/27,Bhaktithapa Road,44617,Kathmandu-11,Bansh Ghari,Kathmandu,Kathmandu,Bagmati Province,Nepal,np,© OpenStreetMap contributors,Open Database License,https://www.openstreetmap.org/copyright
79438269,271,2019-12-28 07:25:46,27.691811666666663,85.32713166666667,0.02,112.76479694731944,"Bhaktithapa Road 135/27, Bansh Ghari, Kathmandu 44617, Nepal",27.692791,85.32742905366872,135/27,Bhaktithapa Road,44617,Kathmandu-11,Bansh Ghari,Kathmandu,Kathmandu,Bagmati Province,Nepal,np,© OpenStreetMap contributors,Open Database License,https://www.openstreetmap.org/copyright
79438800,271,2019-12-28 07:26:16,27.69180833333333,85.327125,0.01,113.29444637944448,"Bhaktithapa Road 135/27, Bansh Ghari, Kathmandu 44617, Nepal",27.692791,85.32742905366872,135/27,Bhaktithapa Road,44617,Kathmandu-11,Bansh Ghari,Kathmandu,Kathmandu,Bagmati Province,Nepal,np,© OpenStreetMap contributors,Open Database License,https://www.openstreetmap.org/copyright
79439306,271,2019-12-28 07:26:46,27.69183,85.32716833333333,0.09,109.89852958690024,"Bhaktithapa Road 135/27, Bansh Ghari, Kathmandu 44617, Nepal",27.692791,85.32742905366872,135/27,Bhaktithapa Road,44617,Kathmandu-11,Bansh Ghari,Kathmandu,Kathmandu,Bagmati Province,Nepal,np,© OpenStreetMap contributors,Open Database License,https://www.openstreetmap.org/copyright
79439790,271,2019-12-28 07:27:16,27.691831666666666,85.32717666666667,0.02,109.52928055219361,"Bhaktithapa Road 135/27, Bansh Ghari, Kathmandu 44617, Nepal",27.692791,85.32742905366872,135/27,Bhaktithapa Road,44617,Kathmandu-11,Bansh Ghari,Kathmandu,Kathmandu,Bagmati Province,Nepal,np,© OpenStreetMap contributors,Open Database License,https://www.openstreetmap.org/copyright
79440282,271,2019-12-28 07:27:45,27.691836666666667,85.32718,0.0,108.91351518650735,"Bhaktithapa Road 135/27, Bansh Ghari, Kathmandu 44617, Nepal",27.692791,85.32742905366872,135/27,Bhaktithapa Road,44617,Kathmandu-11,Bansh Ghari,Kathmandu,Kathmandu,Bagmati Province,Nepal,np,© OpenStreetMap contributors,Open Database License,https://www.openstreetmap.org/copyright
79440772,271,2019-12-28 07:28:15,27.691841666666665,85.32717166666667,0.01,108.56048063900478,"Bhaktithapa Road 135/27, Bansh Ghari, Kathmandu 44617, Nepal",27.692791,85.32742905366872,135/27,Bhaktithapa Road,44617,Kathmandu-11,Bansh Ghari,Kathmandu,Kathmandu,Bagmati Province,Nepal,np,© OpenStreetMap contributors,Open Database License,https://www.openstreetmap.org/copyright
79441255,271,2019-12-28 07:28:45,27.691828333333333,85.32714,0.05,110.76250166940324,"Bhaktithapa Road 135/27, Bansh Ghari, Kathmandu 44617, Nepal",27.692791,85.32742905366872,135/27,Bhaktithapa Road,44617,Kathmandu-11,Bansh Ghari,Kathmandu,Kathmandu,Bagmati Province,Nepal,np,© OpenStreetMap contributors,Open Database License,https://www.openstreetmap.org/copyright
79441764,271,2019-12-28 07:29:15,27.69183333333333,85.32714333333334,0.01,110.14100261963686,"Bhaktithapa Road 135/27, Bansh Ghari, Kathmandu 44617, Nepal",27.692791,85.32742905366872,135/27,Bhaktithapa Road,44617,Kathmandu-11,Bansh Ghari,Kathmandu,Kathmandu,Bagmati Province,Nepal,np,© OpenStreetMap contributors,Open Database License,https://www.openstreetmap.org/copyright
79442271,271,2019-12-28 07:29:44,27.691828333333333,85.327115,0.08,111.42035518337687,"Bhaktithapa Road 135/27, Bansh Ghari, Kathmandu 44617, Nepal",27.692791,85.32742905366872,135/27,Bhaktithapa Road,44617,Kathmandu-11,Bansh Ghari,Kathmandu,Kathmandu,Bagmati Province,Nepal,np,© OpenStreetMap contributors,Open Database License,https://www.openstreetmap.org/copyright
79442764,271,2019-12-28 07:30:14,27.691846666666667,85.32709,0.02,110.18393056757637,"Bhaktithapa Road 135/27, Bansh Ghari, Kathmandu 44617, Nepal",27.692791,85.32742905366872,135/27,Bhaktithapa Road,44617,Kathmandu-11,Bansh Ghari,Kathmandu,Kathmandu,Bagmati Province,Nepal,np,© OpenStreetMap contributors,Open Database License,https://www.openstreetmap.org/copyright
79443263,271,2019-12-28 07:30:44,27.69185166666667,85.327095,0.01,109.50534831349114,"Bhaktithapa Road 135/27, Bansh Ghari, Kathmandu 44617, Nepal",27.692791,85.32742905366872,135/27,Bhaktithapa Road,44617,Kathmandu-11,Bansh Ghari,Kathmandu,Kathmandu,Bagmati Province,Nepal,np,© OpenStreetMap contributors,Open Database License,https://www.openstreetmap.org/copyright
79443787,271,2019-12-28 07:31:14,27.69185833333333,85.32712833333333,0.04,107.8517344650767,"Bhaktithapa Road 135/27, Bansh Ghari, Kathmandu 44617, Nepal",27.692791,85.32742905366872,135/27,Bhaktithapa Road,44617,Kathmandu-11,Bansh Ghari,Kathmandu,Kathmandu,Bagmati Province,Nepal,np,© OpenStreetMap contributors,Open Database License,https://www.openstreetmap.org/copyright
79444294,271,2019-12-28 07:31:44,27.691805,85.32715,0.03,19.10796872224171,"Kathmandu, Kathmandu 44617, Nepal",27.6923583,85.3267156,,,44617,Kathmandu-11,,Kathmandu,Kathmandu,Bagmati Province,Nepal,np,© OpenStreetMap contributors,Open Database License,https://www.openstreetmap.org/copyright
79444787,271,2019-12-28 07:32:13,27.691805,85.32722333333334,0.03,15.485462951934608,"Kathmandu, Kathmandu 44617, Nepal",27.6923583,85.3267156,,,44617,Kathmandu-11,,Kathmandu,Kathmandu,Bagmati Province,Nepal,np,© OpenStreetMap contributors,Open Database License,https://www.openstreetmap.org/copyright
79445298,271,2019-12-28 07:32:43,27.691803333333333,85.32719,0.0,17.281058429859783,"Kathmandu, Kathmandu 44617, Nepal",27.6923583,85.3267156,,,44617,Kathmandu-11,,Kathmandu,Kathmandu,Bagmati Province,Nepal,np,© OpenStreetMap contributors,Open Database License,https://www.openstreetmap.org/copyright
79445780,271,2019-12-28 07:33:13,27.69180833333333,85.32720833333333,0.03,15.893347787658406,"Kathmandu, Kathmandu 44617, Nepal",27.6923583,85.3267156,,,44617,Kathmandu-11,,Kathmandu,Kathmandu,Bagmati Province,Nepal,np,© OpenStreetMap contributors,Open Database License,https://www.openstreetmap.org/copyright
79446283,271,2019-12-28 07:33:43,27.691801666666667,85.32722333333334,0.01,15.807657907330627,"Kathmandu, Kathmandu 44617, Nepal",27.6923583,85.3267156,,,44617,Kathmandu-11,,Kathmandu,Kathmandu,Bagmati Province,Nepal,np,© OpenStreetMap contributors,Open Database License,https://www.openstreetmap.org/copyright
79446802,271,2019-12-28 07:34:12,27.69181,85.327205,0.09,15.895917799062808,"Kathmandu, Kathmandu 44617, Nepal",27.6923583,85.3267156,,,44617,Kathmandu-11,,Kathmandu,Kathmandu,Bagmati Province,Nepal,np,© OpenStreetMap contributors,Open Database License,https://www.openstreetmap.org/copyright
79447307,271,2019-12-28 07:34:42,27.691775,85.32717666666667,0.14,20.663557158569066,"Kathmandu, Kathmandu 44617, Nepal",27.6923583,85.3267156,,,44617,Kathmandu-11,,Kathmandu,Kathmandu,Bagmati Province,Nepal,np,© OpenStreetMap contributors,Open Database License,https://www.openstreetmap.org/copyright
79447805,271,2019-12-28 07:35:12,27.691775,85.32718166666666,0.06,20.415191958542863,"Kathmandu, Kathmandu 44617, Nepal",27.6923583,85.3267156,,,44617,Kathmandu-11,,Kathmandu,Kathmandu,Bagmati Province,Nepal,np,© OpenStreetMap contributors,Open Database License,https://www.openstreetmap.org/copyright
79448301,271,2019-12-28 07:35:42,27.69177833333333,85.32718,0.02,20.17795781403427,"Kathmandu, Kathmandu 44617, Nepal",27.6923583,85.3267156,,,44617,Kathmandu-11,,Kathmandu,Kathmandu,Bagmati Province,Nepal,np,© OpenStreetMap contributors,Open Database License,https://www.openstreetmap.org/copyright
79448814,271,2019-12-28 07:36:12,27.691803333333333,85.32721,0.04,16.295520242789554,"Kathmandu, Kathmandu 44617, Nepal",27.6923583,85.3267156,,,44617,Kathmandu-11,,Kathmandu,Kathmandu,Bagmati Province,Nepal,np,© OpenStreetMap contributors,Open Database License,https://www.openstreetmap.org/copyright
79449341,271,2019-12-28 07:36:41,27.691786666666665,85.32720833333333,0.03,17.987615039583538,"Kathmandu, Kathmandu 44617, Nepal",27.6923583,85.3267156,,,44617,Kathmandu-11,,Kathmandu,Kathmandu,Bagmati Province,Nepal,np,© OpenStreetMap contributors,Open Database License,https://www.openstreetmap.org/copyright
79449831,271,2019-12-28 07:37:11,27.69179,85.32723666666666,0.03,16.28638044930449,"Kathmandu, Kathmandu 44617, Nepal",27.6923583,85.3267156,,,44617,Kathmandu-11,,Kathmandu,Kathmandu,Bagmati Province,Nepal,np,© OpenStreetMap contributors,Open Database License,https://www.openstreetmap.org/copyright
79450334,271,2019-12-28 07:37:41,27.69182,85.32724666666667,0.03,12.899906009327431,"Kathmandu, Kathmandu 44617, Nepal",27.6923583,85.3267156,,,44617,Kathmandu-11,,Kathmandu,Kathmandu,Bagmati Province,Nepal,np,© OpenStreetMap contributors,Open Database License,https://www.openstreetmap.org/copyright
79450835,271,2019-12-28 07:38:11,27.691836666666667,85.32723833333333,0.08,107.76580038039675,"Bhaktithapa Road 135/27, Bansh Ghari, Kathmandu 44617, Nepal",27.692791,85.32742905366872,135/27,Bhaktithapa Road,44617,Kathmandu-11,Bansh Ghari,Kathmandu,Kathmandu,Bagmati Province,Nepal,np,© OpenStreetMap contributors,Open Database License,https://www.openstreetmap.org/copyright
79451331,271,2019-12-28 07:38:41,27.69188,85.32726166666667,0.03,6.3703178211629075,"Kathmandu, Kathmandu 44617, Nepal",27.6923583,85.3267156,,,44617,Kathmandu-11,,Kathmandu,Kathmandu,Bagmati Province,Nepal,np,© OpenStreetMap contributors,Open Database License,https://www.openstreetmap.org/copyright
79451817,271,2019-12-28 07:39:10,27.691861666666668,85.32725,0.01,8.710229560646194,"Kathmandu, Kathmandu 44617, Nepal",27.6923583,85.3267156,,,44617,Kathmandu-11,,Kathmandu,Kathmandu,Bagmati Province,Nepal,np,© OpenStreetMap contributors,Open Database License,https://www.openstreetmap.org/copyright
79452352,271,2019-12-28 07:39:40,27.69182,85.32722833333334,0.08,13.79222576001084,"Kathmandu, Kathmandu 44617, Nepal",27.6923583,85.3267156,,,44617,Kathmandu-11,,Kathmandu,Kathmandu,Bagmati Province,Nepal,np,© OpenStreetMap contributors,Open Database License,https://www.openstreetmap.org/copyright
79452878,271,2019-12-28 07:40:10,27.691786666666665,85.32719833333333,0.03,18.474334898486596,"Kathmandu, Kathmandu 44617, Nepal",27.6923583,85.3267156,,,44617,Kathmandu-11,,Kathmandu,Kathmandu,Bagmati Province,Nepal,np,© OpenStreetMap contributors,Open Database License,https://www.openstreetmap.org/copyright
79453371,271,2019-12-28 07:40:40,27.69180666666667,85.32721833333333,0.01,15.567725405473983,"Kathmandu, Kathmandu 44617, Nepal",27.6923583,85.3267156,,,44617,Kathmandu-11,,Kathmandu,Kathmandu,Bagmati Province,Nepal,np,© OpenStreetMap contributors,Open Database License,https://www.openstreetmap.org/copyright
79453864,271,2019-12-28 07:41:09,27.691793333333333,85.32721666666667,0.01,16.937625217959823,"Kathmandu, Kathmandu 44617, Nepal",27.6923583,85.3267156,,,44617,Kathmandu-11,,Kathmandu,Kathmandu,Bagmati Province,Nepal,np,© OpenStreetMap contributors,Open Database License,https://www.openstreetmap.org/copyright
79454346,271,2019-12-28 07:41:39,27.69180833333333,85.32722666666666,0.1,15.001028045832356,"Kathmandu, Kathmandu 44617, Nepal",27.6923583,85.3267156,,,44617,Kathmandu-11,,Kathmandu,Kathmandu,Bagmati Province,Nepal,np,© OpenStreetMap contributors,Open Database License,https://www.openstreetmap.org/copyright
79454831,271,2019-12-28 07:42:09,27.691848333333333,85.327245,0.03,106.3748259917629,"Bhaktithapa Road 135/27, Bansh Ghari, Kathmandu 44617, Nepal",27.692791,85.32742905366872,135/27,Bhaktithapa Road,44617,Kathmandu-11,Bansh Ghari,Kathmandu,Kathmandu,Bagmati Province,Nepal,np,© OpenStreetMap contributors,Open Database License,https://www.openstreetmap.org/copyright
79455320,271,2019-12-28 07:42:39,27.69183333333333,85.327235,0.05,12.178966119241997,"Kathmandu, Kathmandu 44617, Nepal",27.6923583,85.3267156,,,44617,Kathmandu-11,,Kathmandu,Kathmandu,Bagmati Province,Nepal,np,© OpenStreetMap contributors,Open Database License,https://www.openstreetmap.org/copyright
79455833,271,2019-12-28 07:43:09,27.691801666666667,85.32721333333333,0.01,16.294377768567752,"Kathmandu, Kathmandu 44617, Nepal",27.6923583,85.3267156,,,44617,Kathmandu-11,,Kathmandu,Kathmandu,Bagmati Province,Nepal,np,© OpenStreetMap contributors,Open Database License,https://www.openstreetmap.org/copyright
79456335,271,2019-12-28 07:43:39,27.691775,85.32719166666666,0.02,19.926497226050916,"Kathmandu, Kathmandu 44617, Nepal",27.6923583,85.3267156,,,44617,Kathmandu-11,,Kathmandu,Kathmandu,Bagmati Province,Nepal,np,© OpenStreetMap contributors,Open Database License,https://www.openstreetmap.org/copyright
79456821,271,2019-12-28 07:44:08,27.691748333333333,85.327185,0.03,22.828537099319455,"Kathmandu, Kathmandu 44617, Nepal",27.6923583,85.3267156,,,44617,Kathmandu-11,,Kathmandu,Kathmandu,Bagmati Province,Nepal,np,© OpenStreetMap contributors,Open Database License,https://www.openstreetmap.org/copyright
79457348,271,2019-12-28 07:44:38,27.69177,85.32719666666667,0.03,20.16642977485047,"Kathmandu, Kathmandu 44617, Nepal",27.6923583,85.3267156,,,44617,Kathmandu-11,,Kathmandu,Kathmandu,Bagmati Province,Nepal,np,© OpenStreetMap contributors,Open Database License,https://www.openstreetmap.org/copyright
79457873,271,2019-12-28 07:45:08,27.691771666666668,85.32717833333334,0.02,20.900791306903322,"Kathmandu, Kathmandu 44617, Nepal",27.6923583,85.3267156,,,44617,Kathmandu-11,,Kathmandu,Kathmandu,Bagmati Province,Nepal,np,© OpenStreetMap contributors,Open Database License,https://www.openstreetmap.org/copyright
79458374,271,2019-12-28 07:45:38,27.691803333333333,85.327205,0.06,16.5388801703758,"Kathmandu, Kathmandu 44617, Nepal",27.6923583,85.3267156,,,44617,Kathmandu-11,,Kathmandu,Kathmandu,Bagmati Province,Nepal,np,© OpenStreetMap contributors,Open Database License,https://www.openstreetmap.org/copyright
79458883,271,2019-12-28 07:46:07,27.691821666666662,85.32725,0.0,12.576568584564589,"Kathmandu, Kathmandu 44617, Nepal",27.6923583,85.3267156,,,44617,Kathmandu-11,,Kathmandu,Kathmandu,Bagmati Province,Nepal,np,© OpenStreetMap contributors,Open Database License,https://www.openstreetmap.org/copyright
79459385,271,2019-12-28 07:46:37,27.691811666666663,85.32725333333333,0.03,13.380913450950239,"Kathmandu, Kathmandu 44617, Nepal",27.6923583,85.3267156,,,44617,Kathmandu-11,,Kathmandu,Kathmandu,Bagmati Province,Nepal,np,© OpenStreetMap contributors,Open Database License,https://www.openstreetmap.org/copyright
79459893,271,2019-12-28 07:47:07,27.69181,85.32723833333333,0.06,14.272090728816725,"Kathmandu, Kathmandu 44617, Nepal",27.6923583,85.3267156,,,44617,Kathmandu-11,,Kathmandu,Kathmandu,Bagmati Province,Nepal,np,© OpenStreetMap contributors,Open Database License,https://www.openstreetmap.org/copyright
79460419,271,2019-12-28 07:47:37,27.69182,85.32721666666667,0.01,14.360065594127155,"Kathmandu, Kathmandu 44617, Nepal",27.6923583,85.3267156,,,44617,Kathmandu-11,,Kathmandu,Kathmandu,Bagmati Province,Nepal,np,© OpenStreetMap contributors,Open Database License,https://www.openstreetmap.org/copyright
79460925,271,2019-12-28 07:48:07,27.691838333333333,85.32723666666666,0.09,107.61207869320567,"Bhaktithapa Road 135/27, Bansh Ghari, Kathmandu 44617, Nepal",27.692791,85.32742905366872,135/27,Bhaktithapa Road,44617,Kathmandu-11,Bansh Ghari,Kathmandu,Kathmandu,Bagmati Province,Nepal,np,© OpenStreetMap contributors,Open Database License,https://www.openstreetmap.org/copyright
79461449,271,2019-12-28 07:48:36,27.69182,85.32721666666667,0.01,14.360065594127155,"Kathmandu, Kathmandu 44617, Nepal",27.6923583,85.3267156,,,44617,Kathmandu-11,,Kathmandu,Kathmandu,Bagmati Province,Nepal,np,© OpenStreetMap contributors,Open Database License,https://www.openstreetmap.org/copyright
79461972,271,2019-12-28 07:49:06,27.691826666666667,85.32725166666667,0.04,12.0121562051034,"Kathmandu, Kathmandu 44617, Nepal",27.6923583,85.3267156,,,44617,Kathmandu-11,,Kathmandu,Kathmandu,Bagmati Province,Nepal,np,© OpenStreetMap contributors,Open Database License,https://www.openstreetmap.org/copyright
79462486,271,2019-12-28 07:49:36,27.691756666666667,85.32721,0.02,20.80624992777513,"Kathmandu, Kathmandu 44617, Nepal",27.6923583,85.3267156,,,44617,Kathmandu-11,,Kathmandu,Kathmandu,Bagmati Province,Nepal,np,© OpenStreetMap contributors,Open Database License,https://www.openstreetmap.org/copyright
79462990,271,2019-12-28 07:50:06,27.69176833333333,85.32718666666666,0.01,20.814247128827123,"Kathmandu, Kathmandu 44617, Nepal",27.6923583,85.3267156,,,44617,Kathmandu-11,,Kathmandu,Kathmandu,Bagmati Province,Nepal,np,© OpenStreetMap contributors,Open Database License,https://www.openstreetmap.org/copyright
79463477,271,2019-12-28 07:50:36,27.691801666666667,85.32719333333333,0.04,17.275492890129716,"Kathmandu, Kathmandu 44617, Nepal",27.6923583,85.3267156,,,44617,Kathmandu-11,,Kathmandu,Kathmandu,Bagmati Province,Nepal,np,© OpenStreetMap contributors,Open Database License,https://www.openstreetmap.org/copyright
79464013,271,2019-12-28 07:51:05,27.691786666666665,85.32717666666667,0.04,19.543478263168385,"Kathmandu, Kathmandu 44617, Nepal",27.6923583,85.3267156,,,44617,Kathmandu-11,,Kathmandu,Kathmandu,Bagmati Province,Nepal,np,© OpenStreetMap contributors,Open Database License,https://www.openstreetmap.org/copyright
79464508,271,2019-12-28 07:51:35,27.691786666666665,85.32719,0.05,18.881171850204225,"Kathmandu, Kathmandu 44617, Nepal",27.6923583,85.3267156,,,44617,Kathmandu-11,,Kathmandu,Kathmandu,Bagmati Province,Nepal,np,© OpenStreetMap contributors,Open Database License,https://www.openstreetmap.org/copyright
79465021,271,2019-12-28 07:52:05,27.691785,85.32719333333333,0.02,18.87879231314504,"Kathmandu, Kathmandu 44617, Nepal",27.6923583,85.3267156,,,44617,Kathmandu-11,,Kathmandu,Kathmandu,Bagmati Province,Nepal,np,© OpenStreetMap contributors,Open Database License,https://www.openstreetmap.org/copyright
79465519,271,2019-12-28 07:52:35,27.691786666666665,85.32718833333334,0.01,18.963959464586384,"Kathmandu, Kathmandu 44617, Nepal",27.6923583,85.3267156,,,44617,Kathmandu-11,,Kathmandu,Kathmandu,Bagmati Province,Nepal,np,© OpenStreetMap contributors,Open Database License,https://www.openstreetmap.org/copyright
79466020,271,2019-12-28 07:53:05,27.69180666666667,85.32720166666667,0.03,16.38151711297707,"Kathmandu, Kathmandu 44617, Nepal",27.6923583,85.3267156,,,44617,Kathmandu-11,,Kathmandu,Kathmandu,Bagmati Province,Nepal,np,© OpenStreetMap contributors,Open Database License,https://www.openstreetmap.org/copyright
79466513,271,2019-12-28 07:53:34,27.69181833333333,85.32722333333334,0.05,14.196683160648233,"Kathmandu, Kathmandu 44617, Nepal",27.6923583,85.3267156,,,44617,Kathmandu-11,,Kathmandu,Kathmandu,Bagmati Province,Nepal,np,© OpenStreetMap contributors,Open Database License,https://www.openstreetmap.org/copyright
79467005,271,2019-12-28 07:54:04,27.691815,85.327235,0.01,13.951038265026217,"Kathmandu, Kathmandu 44617, Nepal",27.6923583,85.3267156,,,44617,Kathmandu-11,,Kathmandu,Kathmandu,Bagmati Province,Nepal,np,© OpenStreetMap contributors,Open Database License,https://www.openstreetmap.org/copyright
79467487,271,2019-12-28 07:54:34,27.691795,85.32721666666667,0.02,16.776527735506797,"Kathmandu, Kathmandu 44617, Nepal",27.6923583,85.3267156,,,44617,Kathmandu-11,,Kathmandu,Kathmandu,Bagmati Province,Nepal,np,© OpenStreetMap contributors,Open Database License,https://www.openstreetmap.org/copyright
79467996,271,2019-12-28 07:55:04,27.69176,85.32718833333334,0.05,21.538614636269404,"Kathmandu, Kathmandu 44617, Nepal",27.6923583,85.3267156,,,44617,Kathmandu-11,,Kathmandu,Kathmandu,Bagmati Province,Nepal,np,© OpenStreetMap contributors,Open Database License,https://www.openstreetmap.org/copyright
79468501,271,2019-12-28 07:55:33,27.69176833333333,85.3272,0.05,20.165287315381168,"Kathmandu, Kathmandu 44617, Nepal",27.6923583,85.3267156,,,44617,Kathmandu-11,,Kathmandu,Kathmandu,Bagmati Province,Nepal,np,© OpenStreetMap contributors,Open Database License,https://www.openstreetmap.org/copyright
79468996,271,2019-12-28 07:56:03,27.6918,85.32723,0.03,15.64427547617955,"Kathmandu, Kathmandu 44617, Nepal",27.6923583,85.3267156,,,44617,Kathmandu-11,,Kathmandu,Kathmandu,Bagmati Province,Nepal,np,© OpenStreetMap contributors,Open Database License,https://www.openstreetmap.org/copyright
79469490,271,2019-12-28 07:56:33,27.691793333333333,85.32721333333333,0.02,17.09986517198936,"Kathmandu, Kathmandu 44617, Nepal",27.6923583,85.3267156,,,44617,Kathmandu-11,,Kathmandu,Kathmandu,Bagmati Province,Nepal,np,© OpenStreetMap contributors,Open Database License,https://www.openstreetmap.org/copyright
79469975,271,2019-12-28 07:57:03,27.691803333333333,85.32720666666667,0.03,16.45776019474009,"Kathmandu, Kathmandu 44617, Nepal",27.6923583,85.3267156,,,44617,Kathmandu-11,,Kathmandu,Kathmandu,Bagmati Province,Nepal,np,© OpenStreetMap contributors,Open Database License,https://www.openstreetmap.org/copyright
79470487,271,2019-12-28 07:57:33,27.691841666666665,85.32723666666666,0.01,107.24723547459791,"Bhaktithapa Road 135/27, Bansh Ghari, Kathmandu 44617, Nepal",27.692791,85.32742905366872,135/27,Bhaktithapa Road,44617,Kathmandu-11,Bansh Ghari,Kathmandu,Kathmandu,Bagmati Province,Nepal,np,© OpenStreetMap contributors,Open Database License,https://www.openstreetmap.org/copyright
79470972,271,2019-12-28 07:58:02,27.691855,85.32728,0.03,7.894459770121884,"Kathmandu, Kathmandu 44617, Nepal",27.6923583,85.3267156,,,44617,Kathmandu-11,,Kathmandu,Kathmandu,Bagmati Province,Nepal,np,© OpenStreetMap contributors,Open Database License,https://www.openstreetmap.org/copyright
79471468,271,2019-12-28 07:58:32,27.69184,85.32726333333333,0.06,106.99792792166963,"Bhaktithapa Road 135/27, Bansh Ghari, Kathmandu 44617, Nepal",27.692791,85.32742905366872,135/27,Bhaktithapa Road,44617,Kathmandu-11,Bansh Ghari,Kathmandu,Kathmandu,Bagmati Province,Nepal,np,© OpenStreetMap contributors,Open Database License,https://www.openstreetmap.org/copyright
79471994,271,2019-12-28 07:59:02,27.691815,85.32722666666666,0.03,14.356638150599379,"Kathmandu, Kathmandu 44617, Nepal",27.6923583,85.3267156,,,44617,Kathmandu-11,,Kathmandu,Kathmandu,Bagmati Province,Nepal,np,© OpenStreetMap contributors,Open Database License,https://www.openstreetmap.org/copyright
79472525,271,2019-12-28 07:59:32,27.69178833333333,85.32721166666667,0.0,17.66427760031074,"Kathmandu, Kathmandu 44617, Nepal",27.6923583,85.3267156,,,44617,Kathmandu-11,,Kathmandu,Kathmandu,Bagmati Province,Nepal,np,© OpenStreetMap contributors,Open Database License,https://www.openstreetmap.org/copyright
79473037,271,2019-12-28 08:00:01,27.691826666666667,85.32724166666667,0.09,12.498876071334816,"Kathmandu, Kathmandu 44617, Nepal",27.6923583,85.3267156,,,44617,Kathmandu-11,,Kathmandu,Kathmandu,Bagmati Province,Nepal,np,© OpenStreetMap contributors,Open Database License,https://www.openstreetmap.org/copyright
79473558,271,2019-12-28 08:00:31,27.691873333333334,85.327255,0.03,7.339187500062392,"Kathmandu, Kathmandu 44617, Nepal",27.6923583,85.3267156,,,44617,Kathmandu-11,,Kathmandu,Kathmandu,Bagmati Province,Nepal,np,© OpenStreetMap contributors,Open Database License,https://www.openstreetmap.org/copyright
79474088,271,2019-12-28 08:01:01,27.69185,85.32721666666667,0.01,106.70367681671704,"Bhaktithapa Road 135/27, Bansh Ghari, Kathmandu 44617, Nepal",27.692791,85.32742905366872,135/27,Bhaktithapa Road,44617,Kathmandu-11,Bansh Ghari,Kathmandu,Kathmandu,Bagmati Province,Nepal,np,© OpenStreetMap contributors,Open Database License,https://www.openstreetmap.org/copyright
79474579,271,2019-12-28 08:01:31,27.69184,85.327195,0.01,108.22835795607375,"Bhaktithapa Road 135/27, Bansh Ghari, Kathmandu 44617, Nepal",27.692791,85.32742905366872,135/27,Bhaktithapa Road,44617,Kathmandu-11,Bansh Ghari,Kathmandu,Kathmandu,Bagmati Province,Nepal,np,© OpenStreetMap contributors,Open Database License,https://www.openstreetmap.org/copyright
79475061,271,2019-12-28 08:02:01,27.69185,85.32722166666667,0.03,106.6082928548898,"Bhaktithapa Road 135/27, Bansh Ghari, Kathmandu 44617, Nepal",27.692791,85.32742905366872,135/27,Bhaktithapa Road,44617,Kathmandu-11,Bansh Ghari,Kathmandu,Kathmandu,Bagmati Province,Nepal,np,© OpenStreetMap contributors,Open Database License,https://www.openstreetmap.org/copyright
79475566,271,2019-12-28 08:02:30,27.691835,85.32723333333334,0.1,12.098988631686208,"Kathmandu, Kathmandu 44617, Nepal",27.6923583,85.3267156,,,44617,Kathmandu-11,,Kathmandu,Kathmandu,Bagmati Province,Nepal,np,© OpenStreetMap contributors,Open Database License,https://www.openstreetmap.org/copyright
79476069,271,2019-12-28 08:03:00,27.691793333333333,85.32719666666667,0.03,17.911068957739378,"Kathmandu, Kathmandu 44617, Nepal",27.6923583,85.3267156,,,44617,Kathmandu-11,,Kathmandu,Kathmandu,Bagmati Province,Nepal,np,© OpenStreetMap contributors,Open Database License,https://www.openstreetmap.org/copyright
79476587,271,2019-12-28 08:03:31,27.69186,85.32722833333334,0.06,105.39209066763186,"Bhaktithapa Road 135/27, Bansh Ghari, Kathmandu 44617, Nepal",27.692791,85.32742905366872,135/27,Bhaktithapa Road,44617,Kathmandu-11,Bansh Ghari,Kathmandu,Kathmandu,Bagmati Province,Nepal,np,© OpenStreetMap contributors,Open Database License,https://www.openstreetmap.org/copyright
79477071,271,2019-12-28 08:04:00,27.691891666666667,85.32724,0.06,6.316810856151245,"Kathmandu, Kathmandu 44617, Nepal",27.6923583,85.3267156,,,44617,Kathmandu-11,,Kathmandu,Kathmandu,Bagmati Province,Nepal,np,© OpenStreetMap contributors,Open Database License,https://www.openstreetmap.org/copyright
79477571,271,2019-12-28 08:04:29,27.691891666666667,85.327235,0.07,6.565176052046129,"Kathmandu, Kathmandu 44617, Nepal",27.6923583,85.3267156,,,44617,Kathmandu-11,,Kathmandu,Kathmandu,Bagmati Province,Nepal,np,© OpenStreetMap contributors,Open Database License,https://www.openstreetmap.org/copyright
79478077,271,2019-12-28 08:04:59,27.691875,85.32722166666667,0.02,8.827595442226075,"Kathmandu, Kathmandu 44617, Nepal",27.6923583,85.3267156,,,44617,Kathmandu-11,,Kathmandu,Kathmandu,Bagmati Province,Nepal,np,© OpenStreetMap contributors,Open Database License,https://www.openstreetmap.org/copyright
79478579,271,2019-12-28 08:05:29,27.69189,85.32725166666667,0.05,5.897303275881347,"Kathmandu, Kathmandu 44617, Nepal",27.6923583,85.3267156,,,44617,Kathmandu-11,,Kathmandu,Kathmandu,Bagmati Province,Nepal,np,© OpenStreetMap contributors,Open Database License,https://www.openstreetmap.org/copyright
79479066,271,2019-12-28 08:05:59,27.69188,85.32723833333333,0.14,7.519677785156118,"Kathmandu, Kathmandu 44617, Nepal",27.6923583,85.3267156,,,44617,Kathmandu-11,,Kathmandu,Kathmandu,Bagmati Province,Nepal,np,© OpenStreetMap contributors,Open Database License,https://www.openstreetmap.org/copyright
79479577,271,2019-12-28 08:06:29,27.691901666666663,85.32725333333333,0.03,4.694436384356836,"Kathmandu, Kathmandu 44617, Nepal",27.6923583,85.3267156,,,44617,Kathmandu-11,,Kathmandu,Kathmandu,Bagmati Province,Nepal,np,© OpenStreetMap contributors,Open Database License,https://www.openstreetmap.org/copyright
79480064,271,2019-12-28 08:06:58,27.69185166666667,85.32721666666667,0.04,106.52195150920114,"Bhaktithapa Road 135/27, Bansh Ghari, Kathmandu 44617, Nepal",27.692791,85.32742905366872,135/27,Bhaktithapa Road,44617,Kathmandu-11,Bansh Ghari,Kathmandu,Kathmandu,Bagmati Province,Nepal,np,© OpenStreetMap contributors,Open Database License,https://www.openstreetmap.org/copyright
79480567,271,2019-12-28 08:07:28,27.69182,85.32718166666666,0.03,110.68374377862689,"Bhaktithapa Road 135/27, Bansh Ghari, Kathmandu 44617, Nepal",27.692791,85.32742905366872,135/27,Bhaktithapa Road,44617,Kathmandu-11,Bansh Ghari,Kathmandu,Kathmandu,Bagmati Province,Nepal,np,© OpenStreetMap contributors,Open Database License,https://www.openstreetmap.org/copyright
79481069,271,2019-12-28 08:07:58,27.691805,85.32715,0.01,19.10796872224171,"Kathmandu, Kathmandu 44617, Nepal",27.6923583,85.3267156,,,44617,Kathmandu-11,,Kathmandu,Kathmandu,Bagmati Province,Nepal,np,© OpenStreetMap contributors,Open Database License,https://www.openstreetmap.org/copyright
79481582,271,2019-12-28 08:08:28,27.691815,85.32716666666667,0.01,111.5588843529548,"Bhaktithapa Road 135/27, Bansh Ghari, Kathmandu 44617, Nepal",27.692791,85.32742905366872,135/27,Bhaktithapa Road,44617,Kathmandu-11,Bansh Ghari,Kathmandu,Kathmandu,Bagmati Province,Nepal,np,© OpenStreetMap contributors,Open Database License,https://www.openstreetmap.org/copyright
79482072,271,2019-12-28 08:08:58,27.69182333333333,85.32718333333334,0.0,110.28609594246407,"Bhaktithapa Road 135/27, Bansh Ghari, Kathmandu 44617, Nepal",27.692791,85.32742905366872,135/27,Bhaktithapa Road,44617,Kathmandu-11,Bansh Ghari,Kathmandu,Kathmandu,Bagmati Province,Nepal,np,© OpenStreetMap contributors,Open Database License,https://www.openstreetmap.org/copyright
79482610,271,2019-12-28 08:09:27,27.69183333333333,85.327195,0.02,108.95277385368003,"Bhaktithapa Road 135/27, Bansh Ghari, Kathmandu 44617, Nepal",27.692791,85.32742905366872,135/27,Bhaktithapa Road,44617,Kathmandu-11,Bansh Ghari,Kathmandu,Kathmandu,Bagmati Province,Nepal,np,© OpenStreetMap contributors,Open Database License,https://www.openstreetmap.org/copyright
79483127,271,2019-12-28 08:09:57,27.69180833333333,85.32718666666666,0.02,16.966601453494405,"Kathmandu, Kathmandu 44617, Nepal",27.6923583,85.3267156,,,44617,Kathmandu-11,,Kathmandu,Kathmandu,Bagmati Province,Nepal,np,© OpenStreetMap contributors,Open Database License,https://www.openstreetmap.org/copyright
79483571,271,2019-12-28 08:10:58,27.691791666666667,85.32718833333334,0.0,18.483925665415438,"Kathmandu, Kathmandu 44617, Nepal",27.6923583,85.3267156,,,44617,Kathmandu-11,,Kathmandu,Kathmandu,Bagmati Province,Nepal,np,© OpenStreetMap contributors,Open Database License,https://www.openstreetmap.org/copyright
79483572,271,2019-12-28 08:10:58,27.69181833333333,85.327175,0.01,111.01059119270523,"Bhaktithapa Road 135/27, Bansh Ghari, Kathmandu 44617, Nepal",27.692791,85.32742905366872,135/27,Bhaktithapa Road,44617,Kathmandu-11,Bansh Ghari,Kathmandu,Kathmandu,Bagmati Province,Nepal,np,© OpenStreetMap contributors,Open Database License,https://www.openstreetmap.org/copyright
79484503,271,2019-12-28 08:11:27,27.691828333333333,85.32717166666667,0.03,110.00266553876546,"Bhaktithapa Road 135/27, Bansh Ghari, Kathmandu 44617, Nepal",27.692791,85.32742905366872,135/27,Bhaktithapa Road,44617,Kathmandu-11,Bansh Ghari,Kathmandu,Kathmandu,Bagmati Province,Nepal,np,© OpenStreetMap contributors,Open Database License,https://www.openstreetmap.org/copyright
79485062,271,2019-12-28 08:11:56,27.691826666666667,85.32717833333334,0.07,110.03390000082368,"Bhaktithapa Road 135/27, Bansh Ghari, Kathmandu 44617, Nepal",27.692791,85.32742905366872,135/27,Bhaktithapa Road,44617,Kathmandu-11,Bansh Ghari,Kathmandu,Kathmandu,Bagmati Province,Nepal,np,© OpenStreetMap contributors,Open Database License,https://www.openstreetmap.org/copyright
79485560,271,2019-12-28 08:12:26,27.6918,85.32716333333333,0.03,18.925695329982773,"Kathmandu, Kathmandu 44617, Nepal",27.6923583,85.3267156,,,44617,Kathmandu-11,,Kathmandu,Kathmandu,Bagmati Province,Nepal,np,© OpenStreetMap contributors,Open Database License,https://www.openstreetmap.org/copyright
79486078,271,2019-12-28 08:12:56,27.691795,85.327165,0.06,19.322940723013797,"Kathmandu, Kathmandu 44617, Nepal",27.6923583,85.3267156,,,44617,Kathmandu-11,,Kathmandu,Kathmandu,Bagmati Province,Nepal,np,© OpenStreetMap contributors,Open Database License,https://www.openstreetmap.org/copyright
79486573,271,2019-12-28 08:13:26,27.69179,85.32715333333333,0.01,20.382493305665136,"Kathmandu, Kathmandu 44617, Nepal",27.6923583,85.3267156,,,44617,Kathmandu-11,,Kathmandu,Kathmandu,Bagmati Province,Nepal,np,© OpenStreetMap contributors,Open Database License,https://www.openstreetmap.org/copyright
79487064,271,2019-12-28 08:13:55,27.691785,85.32714333333334,0.06,21.359257496221545,"Kathmandu, Kathmandu 44617, Nepal",27.6923583,85.3267156,,,44617,Kathmandu-11,,Kathmandu,Kathmandu,Bagmati Province,Nepal,np,© OpenStreetMap contributors,Open Database License,https://www.openstreetmap.org/copyright
79487543,271,2019-12-28 08:14:25,27.691785,85.32715333333333,0.0,20.862527112177354,"Kathmandu, Kathmandu 44617, Nepal",27.6923583,85.3267156,,,44617,Kathmandu-11,,Kathmandu,Kathmandu,Bagmati Province,Nepal,np,© OpenStreetMap contributors,Open Database License,https://www.openstreetmap.org/copyright
79488067,271,2019-12-28 08:14:56,27.691928333333333,85.32726333333333,0.08,1.6375267256890984,"Kathmandu, Kathmandu 44617, Nepal",27.6923583,85.3267156,,,44617,Kathmandu-11,,Kathmandu,Kathmandu,Bagmati Province,Nepal,np,© OpenStreetMap contributors,Open Database License,https://www.openstreetmap.org/copyright
79488570,271,2019-12-28 08:15:25,27.691906666666668,85.32725333333333,0.04,4.2144027563983775,"Kathmandu, Kathmandu 44617, Nepal",27.6923583,85.3267156,,,44617,Kathmandu-11,,Kathmandu,Kathmandu,Bagmati Province,Nepal,np,© OpenStreetMap contributors,Open Database License,https://www.openstreetmap.org/copyright
79489062,271,2019-12-28 08:15:55,27.69186,85.32725166666667,0.04,8.790207035562164,"Kathmandu, Kathmandu 44617, Nepal",27.6923583,85.3267156,,,44617,Kathmandu-11,,Kathmandu,Kathmandu,Bagmati Province,Nepal,np,© OpenStreetMap contributors,Open Database License,https://www.openstreetmap.org/copyright
79489571,271,2019-12-28 08:16:24,27.69186333333333,85.32727833333334,0.05,7.17009249790201,"Kathmandu, Kathmandu 44617, Nepal",27.6923583,85.3267156,,,44617,Kathmandu-11,,Kathmandu,Kathmandu,Bagmati Province,Nepal,np,© OpenStreetMap contributors,Open Database License,https://www.openstreetmap.org/copyright
79490083,271,2019-12-28 08:16:54,27.691865,85.32728833333333,0.02,6.522275178911801,"Kathmandu, Kathmandu 44617, Nepal",27.6923583,85.3267156,,,44617,Kathmandu-11,,Kathmandu,Kathmandu,Bagmati Province,Nepal,np,© OpenStreetMap contributors,Open Database License,https://www.openstreetmap.org/copyright
79490576,271,2019-12-28 08:17:24,27.691825,85.32723666666666,0.01,12.90333346980973,"Kathmandu, Kathmandu 44617, Nepal",27.6923583,85.3267156,,,44617,Kathmandu-11,,Kathmandu,Kathmandu,Bagmati Province,Nepal,np,© OpenStreetMap contributors,Open Database License,https://www.openstreetmap.org/copyright
79491093,271,2019-12-28 08:17:54,27.691805,85.32720833333333,0.03,16.215542740668337,"Kathmandu, Kathmandu 44617, Nepal",27.6923583,85.3267156,,,44617,Kathmandu-11,,Kathmandu,Kathmandu,Bagmati Province,Nepal,np,© OpenStreetMap contributors,Open Database License,https://www.openstreetmap.org/copyright
79491614,271,2019-12-28 08:18:24,27.69179833333333,85.327185,0.02,18.00945741066309,"Kathmandu, Kathmandu 44617, Nepal",27.6923583,85.3267156,,,44617,Kathmandu-11,,Kathmandu,Kathmandu,Bagmati Province,Nepal,np,© OpenStreetMap contributors,Open Database License,https://www.openstreetmap.org/copyright
79492110,271,2019-12-28 08:18:53,27.69181333333333,85.32712833333333,0.03,112.67163787329007,"Bhaktithapa Road 135/27, Bansh Ghari, Kathmandu 44617, Nepal",27.692791,85.32742905366872,135/27,Bhaktithapa Road,44617,Kathmandu-11,Bansh Ghari,Kathmandu,Kathmandu,Bagmati Province,Nepal,np,© OpenStreetMap contributors,Open Database License,https://www.openstreetmap.org/copyright
79492622,271,2019-12-28 08:19:23,27.691783333333333,85.32711666666667,0.01,22.843883103425085,"Kathmandu, Kathmandu 44617, Nepal",27.6923583,85.3267156,,,44617,Kathmandu-11,,Kathmandu,Kathmandu,Bagmati Province,Nepal,np,© OpenStreetMap contributors,Open Database License,https://www.openstreetmap.org/copyright
79493113,271,2019-12-28 08:19:53,27.69176833333333,85.32712833333333,0.02,23.704465814782065,"Kathmandu, Kathmandu 44617, Nepal",27.6923583,85.3267156,,,44617,Kathmandu-11,,Kathmandu,Kathmandu,Bagmati Province,Nepal,np,© OpenStreetMap contributors,Open Database License,https://www.openstreetmap.org/copyright
79493603,271,2019-12-28 08:20:23,27.69175333333333,85.327155,0.01,23.81995298273334,"Kathmandu, Kathmandu 44617, Nepal",27.6923583,85.3267156,,,44617,Kathmandu-11,,Kathmandu,Kathmandu,Bagmati Province,Nepal,np,© OpenStreetMap contributors,Open Database License,https://www.openstreetmap.org/copyright
79494105,271,2019-12-28 08:20:52,27.691711666666667,85.327145,0.04,19.535634559447193,"Kathmandu, Kathmandu 44617, Nepal",27.6916865,85.3267644,,,44617,Kathmandu-11,,Kathmandu,Kathmandu,Bagmati Province,Nepal,np,© OpenStreetMap contributors,Open Database License,https://www.openstreetmap.org/copyright
79494637,271,2019-12-28 08:21:22,27.69168833333333,85.32710833333333,0.01,15.583013320317717,"Kathmandu, Kathmandu 44617, Nepal",27.6916865,85.3267644,,,44617,Kathmandu-11,,Kathmandu,Kathmandu,Bagmati Province,Nepal,np,© OpenStreetMap contributors,Open Database License,https://www.openstreetmap.org/copyright
79495127,271,2019-12-28 08:21:52,27.691686666666666,85.32711,0.02,15.492599102252097,"Kathmandu, Kathmandu 44617, Nepal",27.6916865,85.3267644,,,44617,Kathmandu-11,,Kathmandu,Kathmandu,Bagmati Province,Nepal,np,© OpenStreetMap contributors,Open Database License,https://www.openstreetmap.org/copyright
79495624,271,2019-12-28 08:22:22,27.69171,85.32714833333333,0.02,19.519854303783028,"Kathmandu, Kathmandu 44617, Nepal",27.6916865,85.3267644,,,44617,Kathmandu-11,,Kathmandu,Kathmandu,Bagmati Province,Nepal,np,© OpenStreetMap contributors,Open Database License,https://www.openstreetmap.org/copyright
79496109,271,2019-12-28 08:22:52,27.691721666666663,85.32717,0.04,21.64543279247943,"Kathmandu, Kathmandu 44617, Nepal",27.6916865,85.3267644,,,44617,Kathmandu-11,,Kathmandu,Kathmandu,Bagmati Province,Nepal,np,© OpenStreetMap contributors,Open Database License,https://www.openstreetmap.org/copyright
79496588,271,2019-12-28 08:23:21,27.691758333333333,85.32721,0.08,20.64515242855827,"Kathmandu, Kathmandu 44617, Nepal",27.6923583,85.3267156,,,44617,Kathmandu-11,,Kathmandu,Kathmandu,Bagmati Province,Nepal,np,© OpenStreetMap contributors,Open Database License,https://www.openstreetmap.org/copyright
79497083,271,2019-12-28 08:23:51,27.691828333333333,85.327275,0.03,10.715379037120332,"Kathmandu, Kathmandu 44617, Nepal",27.6923583,85.3267156,,,44617,Kathmandu-11,,Kathmandu,Kathmandu,Bagmati Province,Nepal,np,© OpenStreetMap contributors,Open Database License,https://www.openstreetmap.org/copyright
79497598,271,2019-12-28 08:24:21,27.691836666666667,85.32725666666667,0.0,107.46597031946207,"Bhaktithapa Road 135/27, Bansh Ghari, Kathmandu 44617, Nepal",27.692791,85.32742905366872,135/27,Bhaktithapa Road,44617,Kathmandu-11,Bansh Ghari,Kathmandu,Kathmandu,Bagmati Province,Nepal,np,© OpenStreetMap contributors,Open Database License,https://www.openstreetmap.org/copyright
79498130,271,2019-12-28 08:24:51,27.691891666666667,85.32729833333333,0.0,3.4579962524483707,"Kathmandu, Kathmandu 44617, Nepal",27.6923583,85.3267156,,,44617,Kathmandu-11,,Kathmandu,Kathmandu,Bagmati Province,Nepal,np,© OpenStreetMap contributors,Open Database License,https://www.openstreetmap.org/copyright
79498662,271,2019-12-28 08:25:22,27.691873333333334,85.32726833333334,0.01,6.690227686191653,"Kathmandu, Kathmandu 44617, Nepal",27.6923583,85.3267156,,,44617,Kathmandu-11,,Kathmandu,Kathmandu,Bagmati Province,Nepal,np,© OpenStreetMap contributors,Open Database License,https://www.openstreetmap.org/copyright
79499137,271,2019-12-28 08:25:50,27.69191333333333,85.32729333333333,0.01,1.6070895970309642,"Kathmandu, Kathmandu 44617, Nepal",27.6923583,85.3267156,,,44617,Kathmandu-11,,Kathmandu,Kathmandu,Bagmati Province,Nepal,np,© OpenStreetMap contributors,Open Database License,https://www.openstreetmap.org/copyright
79499665,271,2019-12-28 08:26:20,27.6919,85.32730666666667,0.02,2.2469091967498596,"Kathmandu, Kathmandu 44617, Nepal",27.6923583,85.3267156,,,44617,Kathmandu-11,,Kathmandu,Kathmandu,Bagmati Province,Nepal,np,© OpenStreetMap contributors,Open Database License,https://www.openstreetmap.org/copyright
79500188,271,2019-12-28 08:26:50,27.69194333333333,85.32733666666667,0.01,3.4017833439456147,"Kathmandu, Kathmandu 44617, Nepal",27.6923583,85.3267156,,,44617,Kathmandu-11,,Kathmandu,Kathmandu,Bagmati Province,Nepal,np,© OpenStreetMap contributors,Open Database License,https://www.openstreetmap.org/copyright
79500682,271,2019-12-28 08:27:20,27.69189,85.32730333333333,0.04,3.3757337515341486,"Kathmandu, Kathmandu 44617, Nepal",27.6923583,85.3267156,,,44617,Kathmandu-11,,Kathmandu,Kathmandu,Bagmati Province,Nepal,np,© OpenStreetMap contributors,Open Database License,https://www.openstreetmap.org/copyright
79501180,271,2019-12-28 08:27:50,27.691886666666665,85.32731166666667,0.05,3.292328727749423,"Kathmandu, Kathmandu 44617, Nepal",27.6923583,85.3267156,,,44617,Kathmandu-11,,Kathmandu,Kathmandu,Bagmati Province,Nepal,np,© OpenStreetMap contributors,Open Database License,https://www.openstreetmap.org/copyright
79501679,271,2019-12-28 08:28:19,27.691886666666665,85.32730166666667,0.0,3.7790486026401893,"Kathmandu, Kathmandu 44617, Nepal",27.6923583,85.3267156,,,44617,Kathmandu-11,,Kathmandu,Kathmandu,Bagmati Province,Nepal,np,© OpenStreetMap contributors,Open Database License,https://www.openstreetmap.org/copyright
79502170,271,2019-12-28 08:28:49,27.691886666666665,85.32729166666667,0.04,4.265768473609605,"Kathmandu, Kathmandu 44617, Nepal",27.6923583,85.3267156,,,44617,Kathmandu-11,,Kathmandu,Kathmandu,Bagmati Province,Nepal,np,© OpenStreetMap contributors,Open Database License,https://www.openstreetmap.org/copyright
79502692,271,2019-12-28 08:29:19,27.691871666666668,85.32726166666667,0.02,7.175805038441816,"Kathmandu, Kathmandu 44617, Nepal",27.6923583,85.3267156,,,44617,Kathmandu-11,,Kathmandu,Kathmandu,Bagmati Province,Nepal,np,© OpenStreetMap contributors,Open Database License,https://www.openstreetmap.org/copyright
79503205,271,2019-12-28 08:29:49,27.69185166666667,85.32722333333334,0.04,106.39504285606093,"Bhaktithapa Road 135/27, Bansh Ghari, Kathmandu 44617, Nepal",27.692791,85.32742905366872,135/27,Bhaktithapa Road,44617,Kathmandu-11,Bansh Ghari,Kathmandu,Kathmandu,Bagmati Province,Nepal,np,© OpenStreetMap contributors,Open Database License,https://www.openstreetmap.org/copyright
79503697,271,2019-12-28 08:30:18,27.69185,85.32721166666667,0.03,106.80124479254546,"Bhaktithapa Road 135/27, Bansh Ghari, Kathmandu 44617, Nepal",27.692791,85.32742905366872,135/27,Bhaktithapa Road,44617,Kathmandu-11,Bansh Ghari,Kathmandu,Kathmandu,Bagmati Province,Nepal,np,© OpenStreetMap contributors,Open Database License,https://www.openstreetmap.org/copyright
79504205,271,2019-12-28 08:30:48,27.691865,85.32721,0.02,105.20120616508014,"Bhaktithapa Road 135/27, Bansh Ghari, Kathmandu 44617, Nepal",27.692791,85.32742905366872,135/27,Bhaktithapa Road,44617,Kathmandu-11,Bansh Ghari,Kathmandu,Kathmandu,Bagmati Province,Nepal,np,© OpenStreetMap contributors,Open Database License,https://www.openstreetmap.org/copyright
79504712,271,2019-12-28 08:31:18,27.691871666666668,85.32719666666667,0.06,104.75464329274183,"Bhaktithapa Road 135/27, Bansh Ghari, Kathmandu 44617, Nepal",27.692791,85.32742905366872,135/27,Bhaktithapa Road,44617,Kathmandu-11,Bansh Ghari,Kathmandu,Kathmandu,Bagmati Province,Nepal,np,© OpenStreetMap contributors,Open Database License,https://www.openstreetmap.org/copyright
79505216,271,2019-12-28 08:31:48,27.691873333333334,85.32719833333333,0.08,104.53801927380819,"Bhaktithapa Road 135/27, Bansh Ghari, Kathmandu 44617, Nepal",27.692791,85.32742905366872,135/27,Bhaktithapa Road,44617,Kathmandu-11,Bansh Ghari,Kathmandu,Kathmandu,Bagmati Province,Nepal,np,© OpenStreetMap contributors,Open Database License,https://www.openstreetmap.org/copyright
79505739,271,2019-12-28 08:32:18,27.69185,85.32718666666666,0.03,107.32163173501758,"Bhaktithapa Road 135/27, Bansh Ghari, Kathmandu 44617, Nepal",27.692791,85.32742905366872,135/27,Bhaktithapa Road,44617,Kathmandu-11,Bansh Ghari,Kathmandu,Kathmandu,Bagmati Province,Nepal,np,© OpenStreetMap contributors,Open Database License,https://www.openstreetmap.org/copyright
79506234,271,2019-12-28 08:32:47,27.691781666666667,85.32711833333333,0.0,22.92110598180883,"Kathmandu, Kathmandu 44617, Nepal",27.6923583,85.3267156,,,44617,Kathmandu-11,,Kathmandu,Kathmandu,Bagmati Province,Nepal,np,© OpenStreetMap contributors,Open Database License,https://www.openstreetmap.org/copyright
79506732,271,2019-12-28 08:33:17,27.69176333333333,85.32714,0.03,23.60498087399601,"Kathmandu, Kathmandu 44617, Nepal",27.6923583,85.3267156,,,44617,Kathmandu-11,,Kathmandu,Kathmandu,Bagmati Province,Nepal,np,© OpenStreetMap contributors,Open Database License,https://www.openstreetmap.org/copyright
79507233,271,2019-12-28 08:33:47,27.69177833333333,85.327225,0.02,17.981902701053585,"Kathmandu, Kathmandu 44617, Nepal",27.6923583,85.3267156,,,44617,Kathmandu-11,,Kathmandu,Kathmandu,Bagmati Province,Nepal,np,© OpenStreetMap contributors,Open Database License,https://www.openstreetmap.org/copyright
79507731,271,2019-12-28 08:34:17,27.69177,85.32722666666666,0.05,18.70627017528886,"Kathmandu, Kathmandu 44617, Nepal",27.6923583,85.3267156,,,44617,Kathmandu-11,,Kathmandu,Kathmandu,Bagmati Province,Nepal,np,© OpenStreetMap contributors,Open Database License,https://www.openstreetmap.org/copyright
79508216,271,2019-12-28 08:34:47,27.691785,85.32723166666666,0.04,17.013032838252077,"Kathmandu, Kathmandu 44617, Nepal",27.6923583,85.3267156,,,44617,Kathmandu-11,,Kathmandu,Kathmandu,Bagmati Province,Nepal,np,© OpenStreetMap contributors,Open Database License,https://www.openstreetmap.org/copyright
79508728,271,2019-12-28 08:35:16,27.69178833333333,85.32722,0.04,17.25867771455813,"Kathmandu, Kathmandu 44617, Nepal",27.6923583,85.3267156,,,44617,Kathmandu-11,,Kathmandu,Kathmandu,Bagmati Province,Nepal,np,© OpenStreetMap contributors,Open Database License,https://www.openstreetmap.org/copyright
79509219,271,2019-12-28 08:35:46,27.691756666666667,85.32719333333333,0.0,21.617449704416163,"Kathmandu, Kathmandu 44617, Nepal",27.6923583,85.3267156,,,44617,Kathmandu-11,,Kathmandu,Kathmandu,Bagmati Province,Nepal,np,© OpenStreetMap contributors,Open Database License,https://www.openstreetmap.org/copyright
79509718,271,2019-12-28 08:36:16,27.69177333333333,85.32719666666667,0.04,19.844234789364872,"Kathmandu, Kathmandu 44617, Nepal",27.6923583,85.3267156,,,44617,Kathmandu-11,,Kathmandu,Kathmandu,Bagmati Province,Nepal,np,© OpenStreetMap contributors,Open Database License,https://www.openstreetmap.org/copyright
79510207,271,2019-12-28 08:36:46,27.69177,85.32719,0.01,20.490909680934223,"Kathmandu, Kathmandu 44617, Nepal",27.6923583,85.3267156,,,44617,Kathmandu-11,,Kathmandu,Kathmandu,Bagmati Province,Nepal,np,© OpenStreetMap contributors,Open Database License,https://www.openstreetmap.org/copyright
79510699,271,2019-12-28 08:37:16,27.691805,85.32722,0.03,15.647702905825613,"Kathmandu, Kathmandu 44617, Nepal",27.6923583,85.3267156,,,44617,Kathmandu-11,,Kathmandu,Kathmandu,Bagmati Province,Nepal,np,© OpenStreetMap contributors,Open Database License,https://www.openstreetmap.org/copyright
79511191,271,2019-12-28 08:37:45,27.691816666666668,85.32724166666667,0.01,13.465460882623908,"Kathmandu, Kathmandu 44617, Nepal",27.6923583,85.3267156,,,44617,Kathmandu-11,,Kathmandu,Kathmandu,Bagmati Province,Nepal,np,© OpenStreetMap contributors,Open Database License,https://www.openstreetmap.org/copyright
79511686,271,2019-12-28 08:38:15,27.69182,85.32724833333333,0.05,12.818786031684041,"Kathmandu, Kathmandu 44617, Nepal",27.6923583,85.3267156,,,44617,Kathmandu-11,,Kathmandu,Kathmandu,Bagmati Province,Nepal,np,© OpenStreetMap contributors,Open Database License,https://www.openstreetmap.org/copyright
79512189,271,2019-12-28 08:38:45,27.691828333333333,85.32724333333333,0.03,108.59439219338779,"Bhaktithapa Road 135/27, Bansh Ghari, Kathmandu 44617, Nepal",27.692791,85.32742905366872,135/27,Bhaktithapa Road,44617,Kathmandu-11,Bansh Ghari,Kathmandu,Kathmandu,Bagmati Province,Nepal,np,© OpenStreetMap contributors,Open Database License,https://www.openstreetmap.org/copyright
79512725,271,2019-12-28 08:39:15,27.691835,85.32722666666666,0.03,108.15402804869082,"Bhaktithapa Road 135/27, Bansh Ghari, Kathmandu 44617, Nepal",27.692791,85.32742905366872,135/27,Bhaktithapa Road,44617,Kathmandu-11,Bansh Ghari,Kathmandu,Kathmandu,Bagmati Province,Nepal,np,© OpenStreetMap contributors,Open Database License,https://www.openstreetmap.org/copyright
79513226,271,2019-12-28 08:39:44,27.691825,85.32721333333333,0.03,109.49419426745598,"Bhaktithapa Road 135/27, Bansh Ghari, Kathmandu 44617, Nepal",27.692791,85.32742905366872,135/27,Bhaktithapa Road,44617,Kathmandu-11,Bansh Ghari,Kathmandu,Kathmandu,Bagmati Province,Nepal,np,© OpenStreetMap contributors,Open Database License,https://www.openstreetmap.org/copyright
79513744,271,2019-12-28 08:40:14,27.69180833333333,85.32720166666667,0.02,16.22150585627688,"Kathmandu, Kathmandu 44617, Nepal",27.6923583,85.3267156,,,44617,Kathmandu-11,,Kathmandu,Kathmandu,Bagmati Province,Nepal,np,© OpenStreetMap contributors,Open Database License,https://www.openstreetmap.org/copyright
79514241,271,2019-12-28 08:40:44,27.69182,85.32722,0.02,14.197825642656309,"Kathmandu, Kathmandu 44617, Nepal",27.6923583,85.3267156,,,44617,Kathmandu-11,,Kathmandu,Kathmandu,Bagmati Province,Nepal,np,© OpenStreetMap contributors,Open Database License,https://www.openstreetmap.org/copyright
79514738,271,2019-12-28 08:41:14,27.69185333333333,85.32725166666667,0.02,105.71659906339883,"Bhaktithapa Road 135/27, Bansh Ghari, Kathmandu 44617, Nepal",27.692791,85.32742905366872,135/27,Bhaktithapa Road,44617,Kathmandu-11,Bansh Ghari,Kathmandu,Kathmandu,Bagmati Province,Nepal,np,© OpenStreetMap contributors,Open Database License,https://www.openstreetmap.org/copyright
79515228,271,2019-12-28 08:41:44,27.691856666666663,85.32724,0.02,105.54756841804368,"Bhaktithapa Road 135/27, Bansh Ghari, Kathmandu 44617, Nepal",27.692791,85.32742905366872,135/27,Bhaktithapa Road,44617,Kathmandu-11,Bansh Ghari,Kathmandu,Kathmandu,Bagmati Province,Nepal,np,© OpenStreetMap contributors,Open Database License,https://www.openstreetmap.org/copyright
79515720,271,2019-12-28 08:42:13,27.691855,85.32722333333334,0.07,106.03119461747475,"Bhaktithapa Road 135/27, Bansh Ghari, Kathmandu 44617, Nepal",27.692791,85.32742905366872,135/27,Bhaktithapa Road,44617,Kathmandu-11,Bansh Ghari,Kathmandu,Kathmandu,Bagmati Province,Nepal,np,© OpenStreetMap contributors,Open Database License,https://www.openstreetmap.org/copyright
79516222,271,2019-12-28 08:42:43,27.691846666666667,85.32724,0.0,106.6422715201838,"Bhaktithapa Road 135/27, Bansh Ghari, Kathmandu 44617, Nepal",27.692791,85.32742905366872,135/27,Bhaktithapa Road,44617,Kathmandu-11,Bansh Ghari,Kathmandu,Kathmandu,Bagmati Province,Nepal,np,© OpenStreetMap contributors,Open Database License,https://www.openstreetmap.org/copyright
79516776,271,2019-12-28 08:43:13,27.691821666666662,85.32722666666666,0.03,13.712248267690539,"Kathmandu, Kathmandu 44617, Nepal",27.6923583,85.3267156,,,44617,Kathmandu-11,,Kathmandu,Kathmandu,Bagmati Province,Nepal,np,© OpenStreetMap contributors,Open Database License,https://www.openstreetmap.org/copyright
79517277,271,2019-12-28 08:43:43,27.69180666666667,85.32721833333333,0.07,15.567725405473983,"Kathmandu, Kathmandu 44617, Nepal",27.6923583,85.3267156,,,44617,Kathmandu-11,,Kathmandu,Kathmandu,Bagmati Province,Nepal,np,© OpenStreetMap contributors,Open Database License,https://www.openstreetmap.org/copyright
79517792,271,2019-12-28 08:44:13,27.69181,85.327235,0.03,14.434330683557345,"Kathmandu, Kathmandu 44617, Nepal",27.6923583,85.3267156,,,44617,Kathmandu-11,,Kathmandu,Kathmandu,Bagmati Province,Nepal,np,© OpenStreetMap contributors,Open Database License,https://www.openstreetmap.org/copyright
79518294,271,2019-12-28 08:44:42,27.69179833333333,85.32722833333334,0.03,15.886492933189022,"Kathmandu, Kathmandu 44617, Nepal",27.6923583,85.3267156,,,44617,Kathmandu-11,,Kathmandu,Kathmandu,Bagmati Province,Nepal,np,© OpenStreetMap contributors,Open Database License,https://www.openstreetmap.org/copyright
79518809,271,2019-12-28 08:45:12,27.691796666666665,85.327225,0.05,16.20983036891108,"Kathmandu, Kathmandu 44617, Nepal",27.6923583,85.3267156,,,44617,Kathmandu-11,,Kathmandu,Kathmandu,Bagmati Province,Nepal,np,© OpenStreetMap contributors,Open Database License,https://www.openstreetmap.org/copyright
79519330,271,2019-12-28 08:45:42,27.69182333333333,85.327225,0.04,13.632270775516536,"Kathmandu, Kathmandu 44617, Nepal",27.6923583,85.3267156,,,44617,Kathmandu-11,,Kathmandu,Kathmandu,Bagmati Province,Nepal,np,© OpenStreetMap contributors,Open Database License,https://www.openstreetmap.org/copyright
79519843,271,2019-12-28 08:46:12,27.69185166666667,85.32723833333333,0.01,106.12378827937425,"Bhaktithapa Road 135/27, Bansh Ghari, Kathmandu 44617, Nepal",27.692791,85.32742905366872,135/27,Bhaktithapa Road,44617,Kathmandu-11,Bansh Ghari,Kathmandu,Kathmandu,Bagmati Province,Nepal,np,© OpenStreetMap contributors,Open Database License,https://www.openstreetmap.org/copyright
79520357,271,2019-12-28 08:46:41,27.69187,85.32722666666666,0.02,9.059263923022275,"Kathmandu, Kathmandu 44617, Nepal",27.6923583,85.3267156,,,44617,Kathmandu-11,,Kathmandu,Kathmandu,Bagmati Province,Nepal,np,© OpenStreetMap contributors,Open Database License,https://www.openstreetmap.org/copyright
79520915,271,2019-12-28 08:47:11,27.69186333333333,85.32722,0.0,105.1855115110059,"Bhaktithapa Road 135/27, Bansh Ghari, Kathmandu 44617, Nepal",27.692791,85.32742905366872,135/27,Bhaktithapa Road,44617,Kathmandu-11,Bansh Ghari,Kathmandu,Kathmandu,Bagmati Province,Nepal,np,© OpenStreetMap contributors,Open Database License,https://www.openstreetmap.org/copyright
79521464,271,2019-12-28 08:47:41,27.69185166666667,85.32720833333333,0.02,106.68605424436613,"Bhaktithapa Road 135/27, Bansh Ghari, Kathmandu 44617, Nepal",27.692791,85.32742905366872,135/27,Bhaktithapa Road,44617,Kathmandu-11,Bansh Ghari,Kathmandu,Kathmandu,Bagmati Province,Nepal,np,© OpenStreetMap contributors,Open Database License,https://www.openstreetmap.org/copyright
79521967,271,2019-12-28 08:48:11,27.691876666666666,85.327225,0.1,8.502007421275499,"Kathmandu, Kathmandu 44617, Nepal",27.6923583,85.3267156,,,44617,Kathmandu-11,,Kathmandu,Kathmandu,Bagmati Province,Nepal,np,© OpenStreetMap contributors,Open Database License,https://www.openstreetmap.org/copyright
79522456,271,2019-12-28 08:48:41,27.69191333333333,85.32722166666667,0.04,5.147337485661333,"Kathmandu, Kathmandu 44617, Nepal",27.6923583,85.3267156,,,44617,Kathmandu-11,,Kathmandu,Kathmandu,Bagmati Province,Nepal,np,© OpenStreetMap contributors,Open Database License,https://www.openstreetmap.org/copyright
79522958,271,2019-12-28 08:49:10,27.691951666666668,85.32722833333334,0.02,1.1359263624662757,"Kathmandu, Kathmandu 44617, Nepal",27.6923583,85.3267156,,,44617,Kathmandu-11,,Kathmandu,Kathmandu,Bagmati Province,Nepal,np,© OpenStreetMap contributors,Open Database License,https://www.openstreetmap.org/copyright
79523487,271,2019-12-28 08:49:40,27.691971666666667,85.32721166666667,0.04,0.0436760946427682,"Kathmandu, Kathmandu 44617, Nepal",27.6923583,85.3267156,,,44617,Kathmandu-11,,Kathmandu,Kathmandu,Bagmati Province,Nepal,np,© OpenStreetMap contributors,Open Database License,https://www.openstreetmap.org/copyright
79524010,271,2019-12-28 08:50:10,27.69194833333333,85.32718,0.03,3.8568121524143777,"Kathmandu, Kathmandu 44617, Nepal",27.6923583,85.3267156,,,44617,Kathmandu-11,,Kathmandu,Kathmandu,Bagmati Province,Nepal,np,© OpenStreetMap contributors,Open Database License,https://www.openstreetmap.org/copyright
79524532,271,2019-12-28 08:50:40,27.691925,85.32718,0.02,6.096968918509167,"Kathmandu, Kathmandu 44617, Nepal",27.6923583,85.3267156,,,44617,Kathmandu-11,,Kathmandu,Kathmandu,Bagmati Province,Nepal,np,© OpenStreetMap contributors,Open Database License,https://www.openstreetmap.org/copyright
79525024,271,2019-12-28 08:51:09,27.69189666666667,85.327145,0.03,103.30333474731883,"Bhaktithapa Road 135/27, Bansh Ghari, Kathmandu 44617, Nepal",27.692791,85.32742905366872,135/27,Bhaktithapa Road,44617,Kathmandu-11,Bansh Ghari,Kathmandu,Kathmandu,Bagmati Province,Nepal,np,© OpenStreetMap contributors,Open Database License,https://www.openstreetmap.org/copyright
79525532,271,2019-12-28 08:51:39,27.691875,85.32713666666666,0.02,105.8448102595932,"Bhaktithapa Road 135/27, Bansh Ghari, Kathmandu 44617, Nepal",27.692791,85.32742905366872,135/27,Bhaktithapa Road,44617,Kathmandu-11,Bansh Ghari,Kathmandu,Kathmandu,Bagmati Province,Nepal,np,© OpenStreetMap contributors,Open Database License,https://www.openstreetmap.org/copyright
79526024,271,2019-12-28 08:52:09,27.691893333333333,85.32711833333333,0.08,104.39918128829254,"Bhaktithapa Road 135/27, Bansh Ghari, Kathmandu 44617, Nepal",27.692791,85.32742905366872,135/27,Bhaktithapa Road,44617,Kathmandu-11,Bansh Ghari,Kathmandu,Kathmandu,Bagmati Province,Nepal,np,© OpenStreetMap contributors,Open Database License,https://www.openstreetmap.org/copyright
79526539,271,2019-12-28 08:52:39,27.691891666666667,85.32711666666667,0.0,104.62450795294666,"Bhaktithapa Road 135/27, Bansh Ghari, Kathmandu 44617, Nepal",27.692791,85.32742905366872,135/27,Bhaktithapa Road,44617,Kathmandu-11,Bansh Ghari,Kathmandu,Kathmandu,Bagmati Province,Nepal,np,© OpenStreetMap contributors,Open Database License,https://www.openstreetmap.org/copyright
79527042,271,2019-12-28 08:53:09,27.691875,85.32712166666667,0.01,106.25599928049792,"Bhaktithapa Road 135/27, Bansh Ghari, Kathmandu 44617, Nepal",27.692791,85.32742905366872,135/27,Bhaktithapa Road,44617,Kathmandu-11,Bansh Ghari,Kathmandu,Kathmandu,Bagmati Province,Nepal,np,© OpenStreetMap contributors,Open Database License,https://www.openstreetmap.org/copyright
79527538,271,2019-12-28 08:53:38,27.691873333333334,85.32712833333333,0.02,106.24887805050498,"Bhaktithapa Road 135/27, Bansh Ghari, Kathmandu 44617, Nepal",27.692791,85.32742905366872,135/27,Bhaktithapa Road,44617,Kathmandu-11,Bansh Ghari,Kathmandu,Kathmandu,Bagmati Province,Nepal,np,© OpenStreetMap contributors,Open Database License,https://www.openstreetmap.org/copyright
79528036,271,2019-12-28 08:54:08,27.691886666666665,85.32713,0.03,104.77958968143685,"Bhaktithapa Road 135/27, Bansh Ghari, Kathmandu 44617, Nepal",27.692791,85.32742905366872,135/27,Bhaktithapa Road,44617,Kathmandu-11,Bansh Ghari,Kathmandu,Kathmandu,Bagmati Province,Nepal,np,© OpenStreetMap contributors,Open Database License,https://www.openstreetmap.org/copyright
79528522,271,2019-12-28 08:54:38,27.691876666666666,85.32711166666667,0.0,106.36345756173536,"Bhaktithapa Road 135/27, Bansh Ghari, Kathmandu 44617, Nepal",27.692791,85.32742905366872,135/27,Bhaktithapa Road,44617,Kathmandu-11,Bansh Ghari,Kathmandu,Kathmandu,Bagmati Province,Nepal,np,© OpenStreetMap contributors,Open Database License,https://www.openstreetmap.org/copyright
79529037,271,2019-12-28 08:55:08,27.69186,85.32715666666667,0.06,106.94007336366505,"Bhaktithapa Road 135/27, Bansh Ghari, Kathmandu 44617, Nepal",27.692791,85.32742905366872,135/27,Bhaktithapa Road,44617,Kathmandu-11,Bansh Ghari,Kathmandu,Kathmandu,Bagmati Province,Nepal,np,© OpenStreetMap contributors,Open Database License,https://www.openstreetmap.org/copyright
79529545,271,2019-12-28 08:55:38,27.69181333333333,85.32722833333334,0.15,14.436615646311923,"Kathmandu, Kathmandu 44617, Nepal",27.6923583,85.3267156,,,44617,Kathmandu-11,,Kathmandu,Kathmandu,Bagmati Province,Nepal,np,© OpenStreetMap contributors,Open Database License,https://www.openstreetmap.org/copyright
79530034,271,2019-12-28 08:56:07,27.691848333333333,85.32723333333334,0.02,106.57652170846744,"Bhaktithapa Road 135/27, Bansh Ghari, Kathmandu 44617, Nepal",27.692791,85.32742905366872,135/27,Bhaktithapa Road,44617,Kathmandu-11,Bansh Ghari,Kathmandu,Kathmandu,Bagmati Province,Nepal,np,© OpenStreetMap contributors,Open Database License,https://www.openstreetmap.org/copyright
79530575,271,2019-12-28 08:56:37,27.69184,85.32726166666667,0.05,107.0230746582153,"Bhaktithapa Road 135/27, Bansh Ghari, Kathmandu 44617, Nepal",27.692791,85.32742905366872,135/27,Bhaktithapa Road,44617,Kathmandu-11,Bansh Ghari,Kathmandu,Kathmandu,Bagmati Province,Nepal,np,© OpenStreetMap contributors,Open Database License,https://www.openstreetmap.org/copyright
79531071,271,2019-12-28 08:57:07,27.69183333333333,85.32723833333333,0.03,12.016726166180037,"Kathmandu, Kathmandu 44617, Nepal",27.6923583,85.3267156,,,44617,Kathmandu-11,,Kathmandu,Kathmandu,Bagmati Province,Nepal,np,© OpenStreetMap contributors,Open Database License,https://www.openstreetmap.org/copyright
79531598,271,2019-12-28 08:57:38,27.691848333333333,85.32725666666667,0.01,106.18517393984966,"Bhaktithapa Road 135/27, Bansh Ghari, Kathmandu 44617, Nepal",27.692791,85.32742905366872,135/27,Bhaktithapa Road,44617,Kathmandu-11,Bansh Ghari,Kathmandu,Kathmandu,Bagmati Province,Nepal,np,© OpenStreetMap contributors,Open Database License,https://www.openstreetmap.org/copyright
79532074,271,2019-12-28 08:58:06,27.69186333333333,85.32722166666667,0.03,105.1535235175898,"Bhaktithapa Road 135/27, Bansh Ghari, Kathmandu 44617, Nepal",27.692791,85.32742905366872,135/27,Bhaktithapa Road,44617,Kathmandu-11,Bansh Ghari,Kathmandu,Kathmandu,Bagmati Province,Nepal,np,© OpenStreetMap contributors,Open Database License,https://www.openstreetmap.org/copyright
79532554,271,2019-12-28 08:58:36,27.691866666666662,85.32721333333333,0.01,104.95291535775576,"Bhaktithapa Road 135/27, Bansh Ghari, Kathmandu 44617, Nepal",27.692791,85.32742905366872,135/27,Bhaktithapa Road,44617,Kathmandu-11,Bansh Ghari,Kathmandu,Kathmandu,Bagmati Province,Nepal,np,© OpenStreetMap contributors,Open Database License,https://www.openstreetmap.org/copyright
79533063,271,2019-12-28 08:59:06,27.69185833333333,85.32719,0.02,106.34528691064988,"Bhaktithapa Road 135/27, Bansh Ghari, Kathmandu 44617, Nepal",27.692791,85.32742905366872,135/27,Bhaktithapa Road,44617,Kathmandu-11,Bansh Ghari,Kathmandu,Kathmandu,Bagmati Province,Nepal,np,© OpenStreetMap contributors,Open Database License,https://www.openstreetmap.org/copyright
79533546,271,2019-12-28 08:59:36,27.691855,85.32717333333333,0.0,107.0806964716583,"Bhaktithapa Road 135/27, Bansh Ghari, Kathmandu 44617, Nepal",27.692791,85.32742905366872,135/27,Bhaktithapa Road,44617,Kathmandu-11,Bansh Ghari,Kathmandu,Kathmandu,Bagmati Province,Nepal,np,© OpenStreetMap contributors,Open Database License,https://www.openstreetmap.org/copyright
79534041,271,2019-12-28 09:00:06,27.691855,85.32716833333333,0.02,107.19751653673994,"Bhaktithapa Road 135/27, Bansh Ghari, Kathmandu 44617, Nepal",27.692791,85.32742905366872,135/27,Bhaktithapa Road,44617,Kathmandu-11,Bansh Ghari,Kathmandu,Kathmandu,Bagmati Province,Nepal,np,© OpenStreetMap contributors,Open Database License,https://www.openstreetmap.org/copyright
79534524,271,2019-12-28 09:00:35,27.69184,85.32718,0.01,108.5524133196852,"Bhaktithapa Road 135/27, Bansh Ghari, Kathmandu 44617, Nepal",27.692791,85.32742905366872,135/27,Bhaktithapa Road,44617,Kathmandu-11,Bansh Ghari,Kathmandu,Kathmandu,Bagmati Province,Nepal,np,© OpenStreetMap contributors,Open Database License,https://www.openstreetmap.org/copyright
79535037,271,2019-12-28 09:01:05,27.69183333333333,85.32719666666667,0.02,108.9181838249878,"Bhaktithapa Road 135/27, Bansh Ghari, Kathmandu 44617, Nepal",27.692791,85.32742905366872,135/27,Bhaktithapa Road,44617,Kathmandu-11,Bansh Ghari,Kathmandu,Kathmandu,Bagmati Province,Nepal,np,© OpenStreetMap contributors,Open Database License,https://www.openstreetmap.org/copyright
79535532,271,2019-12-28 09:01:35,27.691848333333333,85.32720833333333,0.05,107.04896004998625,"Bhaktithapa Road 135/27, Bansh Ghari, Kathmandu 44617, Nepal",27.692791,85.32742905366872,135/27,Bhaktithapa Road,44617,Kathmandu-11,Bansh Ghari,Kathmandu,Kathmandu,Bagmati Province,Nepal,np,© OpenStreetMap contributors,Open Database License,https://www.openstreetmap.org/copyright
79536030,271,2019-12-28 09:02:05,27.69185833333333,85.32719333333333,0.05,106.27313135122245,"Bhaktithapa Road 135/27, Bansh Ghari, Kathmandu 44617, Nepal",27.692791,85.32742905366872,135/27,Bhaktithapa Road,44617,Kathmandu-11,Bansh Ghari,Kathmandu,Kathmandu,Bagmati Province,Nepal,np,© OpenStreetMap contributors,Open Database License,https://www.openstreetmap.org/copyright
79536518,271,2019-12-28 09:02:35,27.691856666666663,85.32721,0.01,106.10831975177757,"Bhaktithapa Road 135/27, Bansh Ghari, Kathmandu 44617, Nepal",27.692791,85.32742905366872,135/27,Bhaktithapa Road,44617,Kathmandu-11,Bansh Ghari,Kathmandu,Kathmandu,Bagmati Province,Nepal,np,© OpenStreetMap contributors,Open Database License,https://www.openstreetmap.org/copyright
79537018,271,2019-12-28 09:03:05,27.691855,85.32719833333333,0.03,106.52880416354687,"Bhaktithapa Road 135/27, Bansh Ghari, Kathmandu 44617, Nepal",27.692791,85.32742905366872,135/27,Bhaktithapa Road,44617,Kathmandu-11,Bansh Ghari,Kathmandu,Kathmandu,Bagmati Province,Nepal,np,© OpenStreetMap contributors,Open Database License,https://www.openstreetmap.org/copyright
79537480,271,2019-12-28 09:03:34,27.69183333333333,85.32720666666667,0.04,108.71561416673245,"Bhaktithapa Road 135/27, Bansh Ghari, Kathmandu 44617, Nepal",27.692791,85.32742905366872,135/27,Bhaktithapa Road,44617,Kathmandu-11,Bansh Ghari,Kathmandu,Kathmandu,Bagmati Province,Nepal,np,© OpenStreetMap contributors,Open Database License,https://www.openstreetmap.org/copyright
79537961,271,2019-12-28 09:04:04,27.691835,85.327185,0.02,108.9844919040775,"Bhaktithapa Road 135/27, Bansh Ghari, Kathmandu 44617, Nepal",27.692791,85.32742905366872,135/27,Bhaktithapa Road,44617,Kathmandu-11,Bansh Ghari,Kathmandu,Kathmandu,Bagmati Province,Nepal,np,© OpenStreetMap contributors,Open Database License,https://www.openstreetmap.org/copyright
79538455,271,2019-12-28 09:04:34,27.69183333333333,85.327215,0.03,108.5533392478414,"Bhaktithapa Road 135/27, Bansh Ghari, Kathmandu 44617, Nepal",27.692791,85.32742905366872,135/27,Bhaktithapa Road,44617,Kathmandu-11,Bansh Ghari,Kathmandu,Kathmandu,Bagmati Province,Nepal,np,© OpenStreetMap contributors,Open Database License,https://www.openstreetmap.org/copyright
79538939,271,2019-12-28 09:05:04,27.69184333333333,85.32720666666667,0.03,107.62668217718056,"Bhaktithapa Road 135/27, Bansh Ghari, Kathmandu 44617, Nepal",27.692791,85.32742905366872,135/27,Bhaktithapa Road,44617,Kathmandu-11,Bansh Ghari,Kathmandu,Kathmandu,Bagmati Province,Nepal,np,© OpenStreetMap contributors,Open Database License,https://www.openstreetmap.org/copyright
79539444,271,2019-12-28 09:05:33,27.69182333333333,85.32719666666667,0.07,110.00557116897585,"Bhaktithapa Road 135/27, Bansh Ghari, Kathmandu 44617, Nepal",27.692791,85.32742905366872,135/27,Bhaktithapa Road,44617,Kathmandu-11,Bansh Ghari,Kathmandu,Kathmandu,Bagmati Province,Nepal,np,© OpenStreetMap contributors,Open Database License,https://www.openstreetmap.org/copyright
79539938,271,2019-12-28 09:06:03,27.691821666666662,85.32721833333333,0.03,14.117848149086054,"Kathmandu, Kathmandu 44617, Nepal",27.6923583,85.3267156,,,44617,Kathmandu-11,,Kathmandu,Kathmandu,Bagmati Province,Nepal,np,© OpenStreetMap contributors,Open Database License,https://www.openstreetmap.org/copyright
79540425,271,2019-12-28 09:06:33,27.691805,85.3272,0.03,16.624316771187488,"Kathmandu, Kathmandu 44617, Nepal",27.6923583,85.3267156,,,44617,Kathmandu-11,,Kathmandu,Kathmandu,Bagmati Province,Nepal,np,© OpenStreetMap contributors,Open Database License,https://www.openstreetmap.org/copyright
79540916,271,2019-12-28 09:07:03,27.6918,85.327175,0.04,18.346176543328692,"Kathmandu, Kathmandu 44617, Nepal",27.6923583,85.3267156,,,44617,Kathmandu-11,,Kathmandu,Kathmandu,Bagmati Province,Nepal,np,© OpenStreetMap contributors,Open Database License,https://www.openstreetmap.org/copyright
79541398,271,2019-12-28 09:07:33,27.691793333333333,85.32715666666667,0.04,19.896893977209267,"Kathmandu, Kathmandu 44617, Nepal",27.6923583,85.3267156,,,44617,Kathmandu-11,,Kathmandu,Kathmandu,Bagmati Province,Nepal,np,© OpenStreetMap contributors,Open Database License,https://www.openstreetmap.org/copyright
79541888,271,2019-12-28 09:08:02,27.69181,85.32717,0.02,17.63447417936877,"Kathmandu, Kathmandu 44617, Nepal",27.6923583,85.3267156,,,44617,Kathmandu-11,,Kathmandu,Kathmandu,Bagmati Province,Nepal,np,© OpenStreetMap contributors,Open Database License,https://www.openstreetmap.org/copyright
79542381,271,2019-12-28 09:08:32,27.691805,85.32719833333333,0.03,16.70710517181735,"Kathmandu, Kathmandu 44617, Nepal",27.6923583,85.3267156,,,44617,Kathmandu-11,,Kathmandu,Kathmandu,Bagmati Province,Nepal,np,© OpenStreetMap contributors,Open Database License,https://www.openstreetmap.org/copyright
79542877,271,2019-12-28 09:09:02,27.691838333333333,85.32721166666667,0.0,108.07251585765522,"Bhaktithapa Road 135/27, Bansh Ghari, Kathmandu 44617, Nepal",27.692791,85.32742905366872,135/27,Bhaktithapa Road,44617,Kathmandu-11,Bansh Ghari,Kathmandu,Kathmandu,Bagmati Province,Nepal,np,© OpenStreetMap contributors,Open Database License,https://www.openstreetmap.org/copyright
79543363,271,2019-12-28 09:09:32,27.691845,85.32724166666667,0.05,106.79628544003634,"Bhaktithapa Road 135/27, Bansh Ghari, Kathmandu 44617, Nepal",27.692791,85.32742905366872,135/27,Bhaktithapa Road,44617,Kathmandu-11,Bansh Ghari,Kathmandu,Kathmandu,Bagmati Province,Nepal,np,© OpenStreetMap contributors,Open Database License,https://www.openstreetmap.org/copyright
79543847,271,2019-12-28 09:10:01,27.691876666666666,85.32724166666667,0.07,7.674123430382259,"Kathmandu, Kathmandu 44617, Nepal",27.6923583,85.3267156,,,44617,Kathmandu-11,,Kathmandu,Kathmandu,Bagmati Province,Nepal,np,© OpenStreetMap contributors,Open Database License,https://www.openstreetmap.org/copyright
79544371,271,2019-12-28 09:10:31,27.69186833333333,85.327265,0.01,7.335759977419949,"Kathmandu, Kathmandu 44617, Nepal",27.6923583,85.3267156,,,44617,Kathmandu-11,,Kathmandu,Kathmandu,Bagmati Province,Nepal,np,© OpenStreetMap contributors,Open Database License,https://www.openstreetmap.org/copyright
79544864,271,2019-12-28 09:11:01,27.691856666666663,85.32725166666667,0.03,9.112401939417012,"Kathmandu, Kathmandu 44617, Nepal",27.6923583,85.3267156,,,44617,Kathmandu-11,,Kathmandu,Kathmandu,Bagmati Province,Nepal,np,© OpenStreetMap contributors,Open Database License,https://www.openstreetmap.org/copyright
79545365,271,2019-12-28 09:11:31,27.69188,85.32724666666667,0.01,7.105735786586953,"Kathmandu, Kathmandu 44617, Nepal",27.6923583,85.3267156,,,44617,Kathmandu-11,,Kathmandu,Kathmandu,Bagmati Province,Nepal,np,© OpenStreetMap contributors,Open Database License,https://www.openstreetmap.org/copyright
79545852,271,2019-12-28 09:12:01,27.69185166666667,85.32719666666667,0.02,106.92595259190132,"Bhaktithapa Road 135/27, Bansh Ghari, Kathmandu 44617, Nepal",27.692791,85.32742905366872,135/27,Bhaktithapa Road,44617,Kathmandu-11,Bansh Ghari,Kathmandu,Kathmandu,Bagmati Province,Nepal,np,© OpenStreetMap contributors,Open Database License,https://www.openstreetmap.org/copyright
79546359,271,2019-12-28 09:12:30,27.69186,85.32719166666666,0.02,106.1283057400837,"Bhaktithapa Road 135/27, Bansh Ghari, Kathmandu 44617, Nepal",27.692791,85.32742905366872,135/27,Bhaktithapa Road,44617,Kathmandu-11,Bansh Ghari,Kathmandu,Kathmandu,Bagmati Province,Nepal,np,© OpenStreetMap contributors,Open Database License,https://www.openstreetmap.org/copyright
79546910,271,2019-12-28 09:13:00,27.69187833333333,85.32722333333334,0.02,8.424784596712733,"Kathmandu, Kathmandu 44617, Nepal",27.6923583,85.3267156,,,44617,Kathmandu-11,,Kathmandu,Kathmandu,Bagmati Province,Nepal,np,© OpenStreetMap contributors,Open Database License,https://www.openstreetmap.org/copyright
79547403,271,2019-12-28 09:13:30,27.691816666666668,85.32719833333333,0.03,15.587026382080104,"Kathmandu, Kathmandu 44617, Nepal",27.6923583,85.3267156,,,44617,Kathmandu-11,,Kathmandu,Kathmandu,Bagmati Province,Nepal,np,© OpenStreetMap contributors,Open Database License,https://www.openstreetmap.org/copyright
79547893,271,2019-12-28 09:14:00,27.69177833333333,85.32715666666667,0.01,21.336995401847446,"Kathmandu, Kathmandu 44617, Nepal",27.6923583,85.3267156,,,44617,Kathmandu-11,,Kathmandu,Kathmandu,Bagmati Province,Nepal,np,© OpenStreetMap contributors,Open Database License,https://www.openstreetmap.org/copyright
79548430,271,2019-12-28 09:14:29,27.691771666666668,85.32716666666667,0.05,21.48031010536726,"Kathmandu, Kathmandu 44617, Nepal",27.6923583,85.3267156,,,44617,Kathmandu-11,,Kathmandu,Kathmandu,Bagmati Province,Nepal,np,© OpenStreetMap contributors,Open Database License,https://www.openstreetmap.org/copyright
79548933,271,2019-12-28 09:14:59,27.691793333333333,85.32720666666667,0.03,17.424345078057783,"Kathmandu, Kathmandu 44617, Nepal",27.6923583,85.3267156,,,44617,Kathmandu-11,,Kathmandu,Kathmandu,Bagmati Province,Nepal,np,© OpenStreetMap contributors,Open Database License,https://www.openstreetmap.org/copyright
79549441,271,2019-12-28 09:15:29,27.69180833333333,85.32725666666667,0.01,13.540868438747037,"Kathmandu, Kathmandu 44617, Nepal",27.6923583,85.3267156,,,44617,Kathmandu-11,,Kathmandu,Kathmandu,Bagmati Province,Nepal,np,© OpenStreetMap contributors,Open Database License,https://www.openstreetmap.org/copyright
79549932,271,2019-12-28 09:15:59,27.69178833333333,85.32726,0.02,15.311798220358185,"Kathmandu, Kathmandu 44617, Nepal",27.6923583,85.3267156,,,44617,Kathmandu-11,,Kathmandu,Kathmandu,Bagmati Province,Nepal,np,© OpenStreetMap contributors,Open Database License,https://www.openstreetmap.org/copyright
79550426,271,2019-12-28 09:16:29,27.691795,85.32726,0.01,14.667408295233152,"Kathmandu, Kathmandu 44617, Nepal",27.6923583,85.3267156,,,44617,Kathmandu-11,,Kathmandu,Kathmandu,Bagmati Province,Nepal,np,© OpenStreetMap contributors,Open Database License,https://www.openstreetmap.org/copyright
79550952,271,2019-12-28 09:16:58,27.691835,85.32725166666667,0.0,107.72768962438946,"Bhaktithapa Road 135/27, Bansh Ghari, Kathmandu 44617, Nepal",27.692791,85.32742905366872,135/27,Bhaktithapa Road,44617,Kathmandu-11,Bansh Ghari,Kathmandu,Kathmandu,Bagmati Province,Nepal,np,© OpenStreetMap contributors,Open Database License,https://www.openstreetmap.org/copyright
79551492,271,2019-12-28 09:17:28,27.691831666666666,85.327245,0.0,108.20144832185227,"Bhaktithapa Road 135/27, Bansh Ghari, Kathmandu 44617, Nepal",27.692791,85.32742905366872,135/27,Bhaktithapa Road,44617,Kathmandu-11,Bansh Ghari,Kathmandu,Kathmandu,Bagmati Province,Nepal,np,© OpenStreetMap contributors,Open Database License,https://www.openstreetmap.org/copyright
79552008,271,2019-12-28 09:17:58,27.69182333333333,85.32728333333333,0.0,10.793071533143033,"Kathmandu, Kathmandu 44617, Nepal",27.6923583,85.3267156,,,44617,Kathmandu-11,,Kathmandu,Kathmandu,Bagmati Province,Nepal,np,© OpenStreetMap contributors,Open Database License,https://www.openstreetmap.org/copyright
79552494,271,2019-12-28 09:18:28,27.691826666666667,85.32729,0.0,10.146396679738096,"Kathmandu, Kathmandu 44617, Nepal",27.6923583,85.3267156,,,44617,Kathmandu-11,,Kathmandu,Kathmandu,Bagmati Province,Nepal,np,© OpenStreetMap contributors,Open Database License,https://www.openstreetmap.org/copyright
79552980,271,2019-12-28 09:18:58,27.691838333333333,85.32728333333333,0.01,106.89903414159599,"Bhaktithapa Road 135/27, Bansh Ghari, Kathmandu 44617, Nepal",27.692791,85.32742905366872,135/27,Bhaktithapa Road,44617,Kathmandu-11,Bansh Ghari,Kathmandu,Kathmandu,Bagmati Province,Nepal,np,© OpenStreetMap contributors,Open Database License,https://www.openstreetmap.org/copyright
79553461,271,2019-12-28 09:19:27,27.69183333333333,85.32729,0.02,9.502006829410483,"Kathmandu, Kathmandu 44617, Nepal",27.6923583,85.3267156,,,44617,Kathmandu-11,,Kathmandu,Kathmandu,Bagmati Province,Nepal,np,© OpenStreetMap contributors,Open Database License,https://www.openstreetmap.org/copyright
79553971,271,2019-12-28 09:19:57,27.69184,85.32729166666667,0.01,8.77649701002553,"Kathmandu, Kathmandu 44617, Nepal",27.6923583,85.3267156,,,44617,Kathmandu-11,,Kathmandu,Kathmandu,Bagmati Province,Nepal,np,© OpenStreetMap contributors,Open Database License,https://www.openstreetmap.org/copyright
79554453,271,2019-12-28 09:20:27,27.691876666666666,85.32731333333334,0.01,4.177793379119834,"Kathmandu, Kathmandu 44617, Nepal",27.6923583,85.3267156,,,44617,Kathmandu-11,,Kathmandu,Kathmandu,Bagmati Province,Nepal,np,© OpenStreetMap contributors,Open Database License,https://www.openstreetmap.org/copyright
79554959,271,2019-12-28 09:20:57,27.69189,85.32729333333333,0.01,3.8624536222777723,"Kathmandu, Kathmandu 44617, Nepal",27.6923583,85.3267156,,,44617,Kathmandu-11,,Kathmandu,Kathmandu,Bagmati Province,Nepal,np,© OpenStreetMap contributors,Open Database License,https://www.openstreetmap.org/copyright
79555436,271,2019-12-28 09:21:27,27.691895,85.32726333333333,0.05,4.8393209018611065,"Kathmandu, Kathmandu 44617, Nepal",27.6923583,85.3267156,,,44617,Kathmandu-11,,Kathmandu,Kathmandu,Bagmati Province,Nepal,np,© OpenStreetMap contributors,Open Database License,https://www.openstreetmap.org/copyright
79555922,271,2019-12-28 09:21:56,27.69186833333333,85.32722166666667,0.05,104.60818649890436,"Bhaktithapa Road 135/27, Bansh Ghari, Kathmandu 44617, Nepal",27.692791,85.32742905366872,135/27,Bhaktithapa Road,44617,Kathmandu-11,Bansh Ghari,Kathmandu,Kathmandu,Bagmati Province,Nepal,np,© OpenStreetMap contributors,Open Database License,https://www.openstreetmap.org/copyright
79556417,271,2019-12-28 09:22:26,27.69185333333333,85.32717833333334,0.03,107.14634561284176,"Bhaktithapa Road 135/27, Bansh Ghari, Kathmandu 44617, Nepal",27.692791,85.32742905366872,135/27,Bhaktithapa Road,44617,Kathmandu-11,Bansh Ghari,Kathmandu,Kathmandu,Bagmati Province,Nepal,np,© OpenStreetMap contributors,Open Database License,https://www.openstreetmap.org/copyright
79556893,271,2019-12-28 09:22:56,27.691845,85.32716833333333,0.01,108.27744271654619,"Bhaktithapa Road 135/27, Bansh Ghari, Kathmandu 44617, Nepal",27.692791,85.32742905366872,135/27,Bhaktithapa Road,44617,Kathmandu-11,Bansh Ghari,Kathmandu,Kathmandu,Bagmati Province,Nepal,np,© OpenStreetMap contributors,Open Database License,https://www.openstreetmap.org/copyright
79557378,271,2019-12-28 09:23:26,27.691838333333333,85.32713166666667,0.02,109.90399502262518,"Bhaktithapa Road 135/27, Bansh Ghari, Kathmandu 44617, Nepal",27.692791,85.32742905366872,135/27,Bhaktithapa Road,44617,Kathmandu-11,Bansh Ghari,Kathmandu,Kathmandu,Bagmati Province,Nepal,np,© OpenStreetMap contributors,Open Database License,https://www.openstreetmap.org/copyright
79557883,271,2019-12-28 09:23:56,27.691831666666666,85.32712833333333,0.02,110.70600392355966,"Bhaktithapa Road 135/27, Bansh Ghari, Kathmandu 44617, Nepal",27.692791,85.32742905366872,135/27,Bhaktithapa Road,44617,Kathmandu-11,Bansh Ghari,Kathmandu,Kathmandu,Bagmati Province,Nepal,np,© OpenStreetMap contributors,Open Database License,https://www.openstreetmap.org/copyright
79558369,271,2019-12-28 09:24:25,27.69182,85.32719166666666,0.0,110.47124925986378,"Bhaktithapa Road 135/27, Bansh Ghari, Kathmandu 44617, Nepal",27.692791,85.32742905366872,135/27,Bhaktithapa Road,44617,Kathmandu-11,Bansh Ghari,Kathmandu,Kathmandu,Bagmati Province,Nepal,np,© OpenStreetMap contributors,Open Database License,https://www.openstreetmap.org/copyright
79558868,271,2019-12-28 09:24:55,27.691826666666667,85.32724333333333,0.02,108.77707561071982,"Bhaktithapa Road 135/27, Bansh Ghari, Kathmandu 44617, Nepal",27.692791,85.32742905366872,135/27,Bhaktithapa Road,44617,Kathmandu-11,Bansh Ghari,Kathmandu,Kathmandu,Bagmati Province,Nepal,np,© OpenStreetMap contributors,Open Database License,https://www.openstreetmap.org/copyright
79559383,271,2019-12-28 09:25:25,27.691836666666667,85.32727833333334,0.02,107.14975531526011,"Bhaktithapa Road 135/27, Bansh Ghari, Kathmandu 44617, Nepal",27.692791,85.32742905366872,135/27,Bhaktithapa Road,44617,Kathmandu-11,Bansh Ghari,Kathmandu,Kathmandu,Bagmati Province,Nepal,np,© OpenStreetMap contributors,Open Database License,https://www.openstreetmap.org/copyright
79559866,271,2019-12-28 09:25:55,27.691831666666666,85.32727666666666,0.02,107.72313347113625,"Bhaktithapa Road 135/27, Bansh Ghari, Kathmandu 44617, Nepal",27.692791,85.32742905366872,135/27,Bhaktithapa Road,44617,Kathmandu-11,Bansh Ghari,Kathmandu,Kathmandu,Bagmati Province,Nepal,np,© OpenStreetMap contributors,Open Database License,https://www.openstreetmap.org/copyright
79560358,271,2019-12-28 09:26:24,27.69184,85.327285,0.04,9.100976929410088,"Kathmandu, Kathmandu 44617, Nepal",27.6923583,85.3267156,,,44617,Kathmandu-11,,Kathmandu,Kathmandu,Bagmati Province,Nepal,np,© OpenStreetMap contributors,Open Database License,https://www.openstreetmap.org/copyright
79560850,271,2019-12-28 09:26:54,27.69182,85.32726666666667,0.03,11.926466265196815,"Kathmandu, Kathmandu 44617, Nepal",27.6923583,85.3267156,,,44617,Kathmandu-11,,Kathmandu,Kathmandu,Bagmati Province,Nepal,np,© OpenStreetMap contributors,Open Database License,https://www.openstreetmap.org/copyright
79561365,271,2019-12-28 09:27:24,27.69183,85.32727666666666,0.01,10.473161593916155,"Kathmandu, Kathmandu 44617, Nepal",27.6923583,85.3267156,,,44617,Kathmandu-11,,Kathmandu,Kathmandu,Bagmati Province,Nepal,np,© OpenStreetMap contributors,Open Database License,https://www.openstreetmap.org/copyright
79561876,271,2019-12-28 09:27:54,27.69182333333333,85.32725833333333,0.0,12.009871225910572,"Kathmandu, Kathmandu 44617, Nepal",27.6923583,85.3267156,,,44617,Kathmandu-11,,Kathmandu,Kathmandu,Bagmati Province,Nepal,np,© OpenStreetMap contributors,Open Database License,https://www.openstreetmap.org/copyright
79562371,271,2019-12-28 09:28:24,27.691855,85.32727,0.0,8.381179640455267,"Kathmandu, Kathmandu 44617, Nepal",27.6923583,85.3267156,,,44617,Kathmandu-11,,Kathmandu,Kathmandu,Bagmati Province,Nepal,np,© OpenStreetMap contributors,Open Database License,https://www.openstreetmap.org/copyright
79562858,271,2019-12-28 09:28:53,27.691866666666662,85.327275,0.05,7.010137559138332,"Kathmandu, Kathmandu 44617, Nepal",27.6923583,85.3267156,,,44617,Kathmandu-11,,Kathmandu,Kathmandu,Bagmati Province,Nepal,np,© OpenStreetMap contributors,Open Database License,https://www.openstreetmap.org/copyright
79563351,271,2019-12-28 09:29:23,27.691826666666667,85.327235,0.04,12.823355979730982,"Kathmandu, Kathmandu 44617, Nepal",27.6923583,85.3267156,,,44617,Kathmandu-11,,Kathmandu,Kathmandu,Bagmati Province,Nepal,np,© OpenStreetMap contributors,Open Database License,https://www.openstreetmap.org/copyright
79563835,271,2019-12-28 09:29:53,27.691796666666665,85.32719833333333,0.05,17.50782896636582,"Kathmandu, Kathmandu 44617, Nepal",27.6923583,85.3267156,,,44617,Kathmandu-11,,Kathmandu,Kathmandu,Bagmati Province,Nepal,np,© OpenStreetMap contributors,Open Database License,https://www.openstreetmap.org/copyright
79564320,271,2019-12-28 09:30:23,27.69177333333333,85.32718333333334,0.0,20.49326523755891,"Kathmandu, Kathmandu 44617, Nepal",27.6923583,85.3267156,,,44617,Kathmandu-11,,Kathmandu,Kathmandu,Bagmati Province,Nepal,np,© OpenStreetMap contributors,Open Database License,https://www.openstreetmap.org/copyright
79564802,271,2019-12-28 09:30:53,27.691761666666668,85.32718333333334,0.01,21.620877066355632,"Kathmandu, Kathmandu 44617, Nepal",27.6923583,85.3267156,,,44617,Kathmandu-11,,Kathmandu,Kathmandu,Bagmati Province,Nepal,np,© OpenStreetMap contributors,Open Database License,https://www.openstreetmap.org/copyright
79565297,271,2019-12-28 09:31:23,27.69177333333333,85.32720166666667,0.02,19.60087485916884,"Kathmandu, Kathmandu 44617, Nepal",27.6923583,85.3267156,,,44617,Kathmandu-11,,Kathmandu,Kathmandu,Bagmati Province,Nepal,np,© OpenStreetMap contributors,Open Database License,https://www.openstreetmap.org/copyright
79565817,271,2019-12-28 09:31:52,27.691803333333333,85.32722166666667,0.0,15.727680405989874,"Kathmandu, Kathmandu 44617, Nepal",27.6923583,85.3267156,,,44617,Kathmandu-11,,Kathmandu,Kathmandu,Bagmati Province,Nepal,np,© OpenStreetMap contributors,Open Database License,https://www.openstreetmap.org/copyright
79566341,271,2019-12-28 09:32:22,27.69180666666667,85.32720666666667,0.01,16.13556523870314,"Kathmandu, Kathmandu 44617, Nepal",27.6923583,85.3267156,,,44617,Kathmandu-11,,Kathmandu,Kathmandu,Bagmati Province,Nepal,np,© OpenStreetMap contributors,Open Database License,https://www.openstreetmap.org/copyright
79566890,271,2019-12-28 09:32:52,27.691826666666667,85.32721333333333,0.04,109.31239510283247,"Bhaktithapa Road 135/27, Bansh Ghari, Kathmandu 44617, Nepal",27.692791,85.32742905366872,135/27,Bhaktithapa Road,44617,Kathmandu-11,Bansh Ghari,Kathmandu,Kathmandu,Bagmati Province,Nepal,np,© OpenStreetMap contributors,Open Database License,https://www.openstreetmap.org/copyright
79567405,271,2019-12-28 09:33:21,27.69184333333333,85.32721,0.03,107.56039340592666,"Bhaktithapa Road 135/27, Bansh Ghari, Kathmandu 44617, Nepal",27.692791,85.32742905366872,135/27,Bhaktithapa Road,44617,Kathmandu-11,Bansh Ghari,Kathmandu,Kathmandu,Bagmati Province,Nepal,np,© OpenStreetMap contributors,Open Database License,https://www.openstreetmap.org/copyright
79567926,271,2019-12-28 09:33:51,27.69185,85.32722333333334,0.0,106.57698455486684,"Bhaktithapa Road 135/27, Bansh Ghari, Kathmandu 44617, Nepal",27.692791,85.32742905366872,135/27,Bhaktithapa Road,44617,Kathmandu-11,Bansh Ghari,Kathmandu,Kathmandu,Bagmati Province,Nepal,np,© OpenStreetMap contributors,Open Database License,https://www.openstreetmap.org/copyright
79568454,271,2019-12-28 09:34:21,27.69183333333333,85.327235,0.04,12.178966119241997,"Kathmandu, Kathmandu 44617, Nepal",27.6923583,85.3267156,,,44617,Kathmandu-11,,Kathmandu,Kathmandu,Bagmati Province,Nepal,np,© OpenStreetMap contributors,Open Database License,https://www.openstreetmap.org/copyright
79568951,271,2019-12-28 09:34:51,27.691826666666667,85.32723833333333,0.02,12.661116026435385,"Kathmandu, Kathmandu 44617, Nepal",27.6923583,85.3267156,,,44617,Kathmandu-11,,Kathmandu,Kathmandu,Bagmati Province,Nepal,np,© OpenStreetMap contributors,Open Database License,https://www.openstreetmap.org/copyright
79569442,271,2019-12-28 09:35:21,27.69182333333333,85.32725666666667,0.03,12.090991203719453,"Kathmandu, Kathmandu 44617, Nepal",27.6923583,85.3267156,,,44617,Kathmandu-11,,Kathmandu,Kathmandu,Bagmati Province,Nepal,np,© OpenStreetMap contributors,Open Database License,https://www.openstreetmap.org/copyright
79569957,271,2019-12-28 09:35:50,27.691835,85.32725,0.03,107.75441537365587,"Bhaktithapa Road 135/27, Bansh Ghari, Kathmandu 44617, Nepal",27.692791,85.32742905366872,135/27,Bhaktithapa Road,44617,Kathmandu-11,Bansh Ghari,Kathmandu,Kathmandu,Bagmati Province,Nepal,np,© OpenStreetMap contributors,Open Database License,https://www.openstreetmap.org/copyright
79570458,271,2019-12-28 09:36:20,27.691835,85.327245,0.05,107.83605115905942,"Bhaktithapa Road 135/27, Bansh Ghari, Kathmandu 44617, Nepal",27.692791,85.32742905366872,135/27,Bhaktithapa Road,44617,Kathmandu-11,Bansh Ghari,Kathmandu,Kathmandu,Bagmati Province,Nepal,np,© OpenStreetMap contributors,Open Database License,https://www.openstreetmap.org/copyright
79570974,271,2019-12-28 09:36:50,27.69186333333333,85.32724666666667,0.03,8.711372064054432,"Kathmandu, Kathmandu 44617, Nepal",27.6923583,85.3267156,,,44617,Kathmandu-11,,Kathmandu,Kathmandu,Bagmati Province,Nepal,np,© OpenStreetMap contributors,Open Database License,https://www.openstreetmap.org/copyright
79571523,271,2019-12-28 09:37:21,27.691855,85.327235,0.05,105.81777221320766,"Bhaktithapa Road 135/27, Bansh Ghari, Kathmandu 44617, Nepal",27.692791,85.32742905366872,135/27,Bhaktithapa Road,44617,Kathmandu-11,Bansh Ghari,Kathmandu,Kathmandu,Bagmati Province,Nepal,np,© OpenStreetMap contributors,Open Database License,https://www.openstreetmap.org/copyright
79572017,271,2019-12-28 09:37:50,27.69185333333333,85.327225,0.01,106.18194163903694,"Bhaktithapa Road 135/27, Bansh Ghari, Kathmandu 44617, Nepal",27.692791,85.32742905366872,135/27,Bhaktithapa Road,44617,Kathmandu-11,Bansh Ghari,Kathmandu,Kathmandu,Bagmati Province,Nepal,np,© OpenStreetMap contributors,Open Database License,https://www.openstreetmap.org/copyright
79572554,271,2019-12-28 09:38:19,27.69186333333333,85.32722666666666,0.01,105.0590389834773,"Bhaktithapa Road 135/27, Bansh Ghari, Kathmandu 44617, Nepal",27.692791,85.32742905366872,135/27,Bhaktithapa Road,44617,Kathmandu-11,Bansh Ghari,Kathmandu,Kathmandu,Bagmati Province,Nepal,np,© OpenStreetMap contributors,Open Database License,https://www.openstreetmap.org/copyright
79573054,271,2019-12-28 09:38:49,27.691846666666667,85.32719,0.0,107.61077397024296,"Bhaktithapa Road 135/27, Bansh Ghari, Kathmandu 44617, Nepal",27.692791,85.32742905366872,135/27,Bhaktithapa Road,44617,Kathmandu-11,Bansh Ghari,Kathmandu,Kathmandu,Bagmati Province,Nepal,np,© OpenStreetMap contributors,Open Database License,https://www.openstreetmap.org/copyright
79573546,271,2019-12-28 09:39:19,27.69185166666667,85.32718333333334,0.0,107.21453535628773,"Bhaktithapa Road 135/27, Bansh Ghari, Kathmandu 44617, Nepal",27.692791,85.32742905366872,135/27,Bhaktithapa Road,44617,Kathmandu-11,Bansh Ghari,Kathmandu,Kathmandu,Bagmati Province,Nepal,np,© OpenStreetMap contributors,Open Database License,https://www.openstreetmap.org/copyright
79574045,271,2019-12-28 09:39:49,27.69185,85.32716666666667,0.01,107.77661470870451,"Bhaktithapa Road 135/27, Bansh Ghari, Kathmandu 44617, Nepal",27.692791,85.32742905366872,135/27,Bhaktithapa Road,44617,Kathmandu-11,Bansh Ghari,Kathmandu,Kathmandu,Bagmati Province,Nepal,np,© OpenStreetMap contributors,Open Database License,https://www.openstreetmap.org/copyright
79574569,271,2019-12-28 09:40:19,27.691855,85.32719166666666,0.04,106.67070109882376,"Bhaktithapa Road 135/27, Bansh Ghari, Kathmandu 44617, Nepal",27.692791,85.32742905366872,135/27,Bhaktithapa Road,44617,Kathmandu-11,Bansh Ghari,Kathmandu,Kathmandu,Bagmati Province,Nepal,np,© OpenStreetMap contributors,Open Database License,https://www.openstreetmap.org/copyright
79575087,271,2019-12-28 09:40:48,27.691838333333333,85.32721,0.02,108.10513467863984,"Bhaktithapa Road 135/27, Bansh Ghari, Kathmandu 44617, Nepal",27.692791,85.32742905366872,135/27,Bhaktithapa Road,44617,Kathmandu-11,Bansh Ghari,Kathmandu,Kathmandu,Bagmati Province,Nepal,np,© OpenStreetMap contributors,Open Database License,https://www.openstreetmap.org/copyright